216 20.163309 30.275238 52.884141
1954 22.121409 33.215328 51.461674
864 22.555902 33.867721 48.684580
85 37.620381 5.520021 20.648358
1894 41.071429 0.000000 20.535714
1912 39.285714 0.000000 19.642857
924 43.920334 0.000000 27.777582
1895 42.857143 0.000000 21.428571
649 9.749690 14.639174 18.168031
650 8.890292 13.348787 18.017520
97 9.718919 14.592972 19.549173
256 78.970360 13.665053 44.035643
667 79.696960 12.525716 44.019544
1292 77.667665 14.181096 43.556138
214 16.322080 24.507627 57.117201
1972 15.932698 23.922970 58.569561
1964 16.664338 25.021528 57.920002
431 14.267946 21.423342 61.129560
1955 15.280555 22.943776 59.076051
1956 14.573884 21.882709 59.626030
962 81.939064 4.543359 42.482471
798 82.065809 4.361163 42.485172
2540 81.892249 4.503603 42.445824
1212 82.327861 3.785306 42.424437
1291 82.299626 3.947599 42.464363
75 82.673792 3.736176 42.581042
1317 64.478968 17.514795 38.071911
1319 62.821436 20.211950 38.141298
1504 65.085328 18.685895 38.765067
107 16.145455 24.242424 16.145455
2088 14.920677 22.403419 15.502594
2089 15.944625 23.940878 16.497707
2120 13.860377 20.811377 14.224973
2765 15.136364 22.727273 15.136364
1426 70.722336 12.784620 39.618446
853 72.759412 10.795465 39.974596
2041 71.370036 11.256777 39.433525
1386 15.452970 6.932497 85.334086
566 13.268092 4.560793 88.800599
2339 18.867925 0.000000 90.566038
249 9.741324 0.000000 61.320547
40 13.648026 0.000000 66.997633
1070 8.741923 0.000000 67.961185
66 95.831250 3.125000 48.956250
2834 95.682451 1.697228 50.459850
2827 96.753790 1.276946 50.344883
796 23.048963 0.000000 17.318645
103 19.453385 0.000000 14.082093
1896 23.214286 0.000000 11.607143
795 19.172727 28.787879 19.172727
2767 22.820802 14.592696 16.269769
2771 22.101413 14.219404 15.785768
179 10.684251 16.042418 71.690456
181 9.777132 14.680379 72.858919
1433 9.767654 14.666147 74.176088
115 81.883904 4.077457 42.299745
2541 81.687333 4.241146 42.255968
89 81.897342 4.226203 42.355997
1488 44.596025 10.271743 67.419973
357 41.312749 21.795446 57.526384
621 42.057101 11.045887 67.914516
541 83.671001 10.788930 45.428214
542 84.415769 10.334273 45.649197
1404 84.249286 10.252114 45.538597
1406 14.408580 21.634505 25.065158
1194 14.898411 22.369987 24.008343
1239 13.921089 20.902535 23.757894
751 84.123729 3.233583 43.138648
343 83.822471 3.097426 42.942679
991 83.549524 3.478633 42.933147
896 81.771620 5.224278 42.625495
646 81.543841 5.412240 42.574196
1087 81.832126 5.330498 42.691119
1016 8.523815 12.798521 20.058134
98 7.847008 11.782294 20.233133
965 8.386335 12.592095 21.213194
143 64.285714 0.000000 32.142857
2319 63.206336 0.000000 38.600989
2293 62.536987 0.000000 36.643808
1332 81.021470 4.730427 42.085967
260 81.038312 4.607284 42.053382
1306 80.785948 4.777319 41.983821
738 59.162601 17.897306 35.541104
645 56.317665 19.415192 34.624091
2504 57.035275 20.765485 35.432544
737 57.590965 21.822015 36.062214
639 55.245678 23.690875 35.511901
1510 82.399630 0.000000 50.530901
288 83.950171 0.000000 48.732374
1077 84.480577 0.000000 53.355924
631 50.758072 0.000000 47.930600
2232 51.369224 0.000000 39.792637
72 53.837287 0.000000 43.415915
233 87.851702 0.945525 44.240711
1494 87.631998 1.781125 44.409114
1454 91.071429 0.000000 45.535714
1280 81.798341 4.507563 42.400189
2542 81.824447 4.428310 42.386851
1281 81.635271 4.519241 42.322543
173 11.542721 17.331413 69.422786
504 12.430443 18.664330 68.259876
506 12.335041 18.521082 67.320702
284 52.059375 35.937500 37.996875
1203 49.975000 37.500000 37.475000
1200 52.420032 23.620281 50.146083
1482 79.690463 11.283204 43.602538
1403 78.746816 12.470050 43.525935
668 80.105615 11.600619 43.915813
605 8.239666 0.000000 74.371745
266 4.105258 0.000000 76.681207
269 3.676370 0.000000 69.544349
984 9.890827 4.553851 90.496182
2377 8.598567 3.317869 92.379529
2355 11.320755 0.000000 94.339623
1012 8.754622 13.145079 33.579948
1024 7.531486 11.308537 35.733873
10 9.030910 13.559924 36.939755
522 6.097582 0.000000 88.537521
1465 4.405583 0.000000 83.049513
518 8.794597 0.000000 86.244810
471 9.766469 0.000000 40.595522
1258 4.965775 0.000000 47.712488
1491 4.349781 0.000000 40.847181
418 24.050000 36.111111 51.827778
37 30.297374 17.075534 67.758703
36 33.144659 15.601840 67.810229
1106 4.059042 6.094658 25.780940
1208 4.420258 6.637024 23.623679
1266 3.474035 5.216269 22.615170
1178 22.507264 33.794691 36.040640
1177 24.727434 37.128280 33.619869
2431 23.150825 34.760998 33.519873
863 19.877268 29.845748 31.593789
2430 21.331796 32.029724 33.890010
1175 23.106756 34.694829 31.509896
208 83.622956 11.573365 45.665409
1267 84.895332 10.462334 45.931623
1068 83.530811 11.347399 45.544090
1195 14.875850 22.336111 26.462077
1141 13.818708 20.748811 26.106622
194 76.668800 7.629239 40.874936
2151 77.194545 6.831695 40.872227
2090 76.329697 7.083057 40.523507
198 74.965744 8.269828 40.236725
2091 75.401713 7.266142 40.120482
2190 74.787350 7.657172 39.943513
1111 32.290909 48.484848 32.290909
1110 33.300000 50.000000 33.300000
1115 34.361813 45.212847 32.236785
698 71.335166 15.095755 40.694470
695 73.151079 14.081950 41.264829
697 72.830682 13.272969 40.835240
46 88.212170 5.852855 46.055086
42 88.344378 6.018393 46.176314
45 89.073567 5.467820 46.357567
145 10.055429 15.098241 62.447677
1025 9.033500 13.563814 64.799054
196 9.863776 14.810475 64.627399
294 2.529529 3.798092 87.524015
31 3.888815 5.839062 81.041482
455 2.611811 3.921638 83.262165
919 68.734375 23.437500 42.171875
1957 69.210203 12.130780 53.251988
1958 70.880490 9.433496 55.116825
881 69.811321 0.000000 65.094340
1984 67.486921 14.913682 51.327944
562 11.697994 17.564555 75.494881
560 12.950000 19.444444 74.061111
693 12.902728 19.373465 72.904514
70 82.227313 4.110867 42.482575
2294 82.378446 4.109186 42.557582
1293 82.568012 3.955709 42.601257
79 82.311775 4.207732 42.557063
1295 82.537058 4.090561 42.630686
1351 32.075472 0.000000 83.962264
2362 29.770153 0.000000 82.642084
2385 30.169282 0.000000 81.713784
2488 31.686565 45.930584 31.138167
2501 31.281818 46.969697 31.281818
1271 25.719896 38.618462 35.955558
2432 28.906717 43.403479 33.739992
1251 27.567265 41.392290 32.158032
377 9.970359 14.970510 76.040567
1428 10.893797 16.357053 74.433584
378 10.832783 16.265439 73.660830
1472 41.692825 30.892845 48.229850
429 41.637500 43.750000 35.387500
436 39.246981 37.885647 42.452977
408 44.015893 20.047219 28.683670
2622 43.103142 23.819598 29.483497
2640 45.371361 21.002731 29.679590
936 13.139385 19.728807 69.629698
862 14.335905 21.525382 67.099651
851 13.380476 20.090805 68.128066
1131 25.517442 38.314478 29.017329
2650 25.942368 38.952504 27.485136
2643 24.770210 37.192507 27.441398
1227 28.837747 36.207375 26.475929
2646 30.326639 37.422232 27.624923
2632 31.584943 35.506148 27.616019
161 57.947478 0.000000 60.827651
2234 58.523490 0.000000 54.288941
157 60.526773 0.000000 52.387632
1318 85.801877 9.631237 46.108140
135 84.585478 10.434550 45.767444
993 85.673679 2.753556 43.753773
2195 86.509400 2.717135 44.159506
2198 85.381570 3.184582 43.751251
2208 85.796900 3.003023 43.898457
413 31.996449 0.000000 58.555479
1153 34.581955 0.000000 55.047781
2235 35.070683 0.000000 62.561128
412 37.788274 0.000000 67.652938
2236 36.637520 0.000000 60.331081
2267 38.273650 0.000000 62.007989
451 8.210652 12.328306 18.254425
96 8.963659 13.458948 19.323211
1342 80.266814 4.597884 41.664502
802 80.614572 4.452756 41.790054
555 80.514596 4.343587 41.703712
50 85.814506 8.290291 45.667920
52 85.904011 8.360042 45.735900
53 86.331882 8.021260 45.837021
1081 83.259562 9.770391 44.883321
236 84.008801 9.335172 45.113013
943 83.911054 9.199993 45.019125
1022 77.484786 10.643055 42.286530
445 78.571776 10.321215 42.722853
1180 78.924639 9.538284 42.638568
815 81.157081 5.279643 42.336661
1004 81.252960 5.127366 42.333893
300 80.988444 5.276616 42.251335
1331 80.451469 5.157709 41.943252
162 80.181056 5.364867 41.877029
1250 80.457020 5.307154 41.995792
144 0.940645 1.412379 25.763755
136 1.058974 1.590050 20.768074
1185 0.000000 0.000000 21.052632
132 81.189808 10.534041 44.102740
133 82.463130 9.477493 44.387570
134 81.269102 9.971742 43.955141
443 77.449287 11.528933 42.563778
444 76.796807 12.791918 42.658112
438 78.521413 11.490433 43.087021
1027 14.180313 21.291762 70.580445
945 14.800000 22.222222 70.355556
653 5.422878 8.142459 30.651180
409 5.033371 7.557614 33.654108
1147 6.072635 9.118071 33.262806
570 9.701337 14.566572 13.818166
575 10.373647 15.576047 15.149873
1233 10.579015 15.884406 14.316173
467 14.883411 0.000000 45.251566
468 14.842381 0.000000 35.674146
16 0.000000 0.000000 42.105263
1132 3.652307 0.000000 33.670429
204 83.325000 12.500000 45.825000
1899 83.296404 12.126939 45.686473
1900 81.840710 13.345871 45.364530
494 7.627807 11.453163 44.337115
492 6.048545 9.081900 50.111026
493 8.270283 12.417843 49.518019
1387 57.109972 31.106665 38.913505
1260 58.611591 28.114098 38.667790
1254 55.236756 31.831092 38.218132
916 69.943974 21.215410 42.036718
2725 69.411848 22.273724 42.123074
2724 70.436526 21.515319 42.382864
1213 82.609642 3.335007 42.415378
351 82.682315 3.534696 42.518211
717 83.165343 3.218994 42.654597
1058 11.623108 17.452115 61.883668
2020 11.271429 16.924068 61.521147
2021 10.996344 16.511026 62.779608
636 12.095983 18.162137 59.589064
373 83.633013 2.894129 42.780252
178 1.378733 0.000000 95.173330
1240 0.000000 0.000000 89.473684
959 2.219769 0.000000 91.206398
782 61.685078 19.293198 37.267174
626 10.604998 15.923421 13.274683
1222 11.856165 17.802050 13.876172
627 10.359733 15.555154 11.855641
608 83.509456 11.103878 45.452319
1186 0.000000 0.000000 10.526316
422 1.720101 0.000000 5.989836
463 1.935431 0.000000 11.362755
112 82.581332 4.780079 42.882432
113 82.389677 4.768533 42.782760
114 82.291498 4.915310 42.782547
58 93.914476 3.992427 48.286716
57 92.464640 5.100135 47.930665
1210 94.418525 3.944923 48.522922
1371 85.904657 7.779632 45.542946
2539 86.178350 7.580686 45.613543
2506 85.970070 7.643734 45.530399
2505 86.470551 7.282714 45.660419
1881 86.301461 7.458206 45.634313
2538 86.508030 7.340811 45.698505
1455 86.144550 7.460120 45.556495
664 82.163666 10.921303 44.718627
1089 81.701665 10.986784 44.509432
663 81.117690 11.647932 44.437606
1007 81.469757 4.969429 42.389698
2729 81.618777 4.899771 42.441012
1334 81.605903 4.856291 42.420096
603 80.024824 5.886138 41.972496
2123 80.113904 5.953406 42.039436
2092 80.297237 5.841084 42.093699
1104 80.371479 5.703502 42.085006
2093 80.495850 5.718467 42.152174
629 14.053020 21.100631 17.706176
917 13.414352 20.141669 18.221098
1155 14.545254 21.839721 19.022499
2175 77.331689 5.319560 40.437258
2094 77.933039 5.313812 40.736019
2568 77.898612 4.953795 40.598920
763 78.727821 5.054582 41.047086
2543 78.442780 4.798947 40.819439
287 86.107819 0.000000 51.707967
814 81.367591 5.167391 42.404537
1413 81.451867 5.059166 42.410636
1290 81.529614 4.367098 42.219051
866 81.623292 4.422680 42.284399
2546 81.701764 4.318720 42.289016
1090 80.853096 4.447010 41.907403
577 80.925651 4.230328 41.871525
59 92.525413 4.622733 47.802076
60 91.050721 5.559650 47.376724
1282 91.864075 5.250846 47.680569
175 11.593443 17.407572 70.458319
1434 10.731384 16.113189 72.768022
659 7.637320 11.467448 32.206224
2216 6.886633 10.340289 33.308065
1160 73.841042 17.220621 42.654988
1243 75.831968 15.761651 43.164614
2418 75.125242 15.855892 42.842633
1405 77.141788 13.745933 43.148290
2420 77.379024 13.984888 43.346480
2403 78.332070 13.212685 43.565859
41 89.050221 5.680185 46.416612
44 88.554249 6.102599 46.309290
1129 24.218182 36.363636 24.218182
2689 26.846918 35.851497 25.362007
2683 29.104469 32.956190 25.526646
1228 32.548997 31.459876 26.750637
2686 33.058780 27.825330 25.795225
2687 31.377443 30.019230 25.685125
383 4.651667 6.984485 63.557949
768 3.866560 5.805646 66.762030
486 4.700275 7.057470 66.644755
475 81.422987 4.481275 42.203758
1283 81.238334 4.591011 42.147974
1278 81.427770 4.563443 42.233512
304 73.991119 0.000000 42.862738
1091 75.216980 0.000000 46.848634
302 73.058353 0.000000 50.672733
488 5.550000 8.333333 88.883333
435 5.036973 7.563023 88.858920
2342 3.700000 5.555556 92.588889
218 20.061964 30.123068 57.829611
210 19.114690 28.700736 57.163368
219 18.336150 27.531756 60.063021
692 60.396875 29.687500 40.084375
2397 58.312500 31.250000 39.562500
689 60.330729 18.115313 51.701208
1448 60.127108 28.257300 39.473235
906 80.357143 0.000000 40.178571
1511 80.465484 0.000000 47.596026
1093 78.628505 0.000000 45.162889
414 31.844726 0.000000 48.541199
1130 23.704272 35.592001 25.965000
185 22.033406 33.083191 24.137819
1382 4.553899 6.837686 30.851819
1209 4.714398 7.078676 28.275290
1263 3.837069 5.761364 28.748380
1459 11.130295 16.712154 16.690260
1440 11.837091 17.773410 18.222234
1 12.252086 18.396526 17.438646
34 33.310847 0.000000 70.100092
2344 36.582629 0.000000 75.054436
2345 35.449519 0.000000 76.934431
33 37.735849 0.000000 81.132075
32 39.622642 0.000000 80.188679
954 13.884396 20.847442 52.717229
1054 12.220502 18.349101 55.089569
951 13.028555 19.562395 56.308226
524 48.027791 0.000000 62.701523
2346 47.371531 0.000000 69.541800
666 45.457553 0.000000 62.789246
594 49.056604 0.000000 75.471698
2381 48.522348 0.000000 68.867415
2360 49.633468 0.000000 67.754640
955 15.122901 22.707059 57.848961
957 15.819965 23.753702 55.232459
950 14.620446 21.952622 56.955799
1487 9.072359 13.622161 71.982839
969 10.020623 15.045980 69.702472
968 9.305533 13.972271 70.066278
453 0.000000 0.000000 15.789474
1182 2.095823 0.000000 16.437023
491 80.286236 5.099600 41.841285
1308 79.998030 5.131758 41.707891
2749 80.059434 5.227369 41.770431
1512 88.298297 3.421443 45.288489
71 90.226228 2.774122 46.036897
2654 89.348044 2.636201 45.551877
1324 82.970737 4.386030 42.945916
316 82.723032 4.440888 42.840332
119 82.730593 4.577899 42.889737
259 7.664254 11.507888 78.870603
264 7.903457 11.867052 79.553100
375 8.805890 13.222056 76.890326
452 7.906340 11.871382 16.394657
88 36.468222 0.000000 33.689299
1167 34.249173 0.000000 35.557665
355 34.460062 0.000000 24.838644
1499 23.974452 0.000000 71.833983
2237 24.613191 0.000000 76.907559
307 21.110117 0.000000 74.410046
74 28.065127 0.000000 79.734770
558 25.435176 0.000000 81.338130
11 12.732015 19.117140 16.709400
416 30.691262 27.092851 57.534425
410 36.470830 13.331541 68.419713
1391 21.974081 8.785444 80.218730
63 91.159587 4.031135 46.922161
1064 89.982333 4.831880 46.600183
347 90.968101 4.488258 46.978641
953 14.848994 22.295786 54.432950
54 84.830941 9.003464 45.413624
370 85.015413 9.029498 45.514529
56 85.414547 8.656246 45.589804
1505 81.182979 3.316448 41.695866
762 80.358628 3.347879 41.294158
2295 80.488438 3.680630 41.469869
1088 80.581814 3.961220 41.609993
2304 81.161631 3.637350 41.792053
2305 80.853715 3.648912 41.641945
682 18.132820 27.226456 39.168017
681 16.377228 24.590432 39.153919
676 16.378737 24.592698 42.081956
997 83.966736 4.828046 43.591107
1414 83.340172 5.057209 43.354136
1003 83.415368 5.314912 43.477550
2238 3.623699 0.000000 89.142876
1873 5.890665 0.000000 92.459932
2286 4.002464 0.000000 92.207771
1109 33.323969 45.584790 37.707641
427 33.733174 40.691142 42.401580
982 36.476268 42.713430 39.005723
283 90.829848 6.085220 47.441303
1103 38.931844 31.777149 30.047713
2626 39.454189 28.364994 29.172637
2627 37.423532 31.265623 29.123219
407 42.039703 27.972268 30.334617
1036 8.089636 12.146601 22.102233
2647 8.613372 12.932991 22.218514
2648 8.261016 12.403927 21.684449
761 79.940213 4.048544 41.318272
2297 80.013282 3.760776 41.258979
971 10.767169 16.166921 69.099282
180 10.693170 16.055811 70.458602
177 11.519979 17.297265 68.348758
1052 23.819576 35.765129 44.430530
424 27.441423 41.203338 40.532092
1274 24.949322 37.461444 40.167458
1507 82.961550 4.872464 43.103305
1020 82.725749 5.126892 43.070130
1017 83.188633 4.920754 43.232928
933 76.785714 0.000000 38.392857
934 76.933022 0.000000 43.457632
828 75.585367 0.000000 41.812372
1264 2.003553 3.008338 25.327945
149 2.848332 4.276775 29.233838
142 3.084960 4.632071 25.418252
583 32.392491 18.346117 22.305502
2733 28.586544 27.043117 23.298630
2737 31.367338 23.662274 23.563207
2734 25.159591 31.273287 22.993800
1353 20.350000 30.555556 59.238889
1349 18.500000 27.777778 62.944444
2783 27.157698 14.798261 71.608091
469 18.732377 0.000000 38.693385
1372 87.351102 7.059224 46.026273
1479 87.446609 7.189165 46.117297
1245 88.075827 6.718519 46.275180
292 85.714286 0.000000 42.857143
232 85.907855 0.664265 43.175128
291 87.500000 0.000000 43.750000
966 81.982844 4.628371 42.532670
1460 82.033722 4.695808 42.580565
314 82.212838 4.556737 42.623813
1385 34.476338 25.309540 57.426982
1310 38.373941 22.223121 58.567686
1961 35.495817 29.647660 52.574784
213 17.163634 25.771222 54.012408
217 18.473349 27.737761 51.465552
868 16.868362 25.327871 52.235138
326 5.651586 8.485864 14.241880
2735 6.612487 9.928659 15.920661
1080 6.742962 10.124567 14.768204
1284 83.260087 10.517406 45.132339
1270 82.489453 11.137511 44.953518
647 83.228376 10.731646 45.187826
781 63.852166 12.843629 36.203011
1225 66.341320 11.831508 37.110552
2095 65.352594 10.591407 36.203236
2096 63.507757 11.577424 35.609161
1246 15.337821 23.029762 29.693767
2434 14.687591 22.053440 31.442486
2435 15.895801 23.867569 31.388016
1268 86.357311 9.042524 46.189816
1461 86.642049 8.653411 46.202610
1443 85.877535 9.228513 46.011862
1489 82.292585 9.993109 44.473998
106 15.117549 22.699023 18.634263
903 15.088297 22.655101 17.654523
797 76.633420 8.662900 41.201456
2022 77.145512 7.955342 41.221885
2053 76.326504 8.376700 40.952693
712 51.197803 3.947194 26.913317
1903 51.785714 0.000000 25.892857
713 48.021316 3.564443 25.197618
1394 82.695742 2.070639 42.037394
227 84.342084 1.457733 42.656467
1393 83.156609 1.195748 41.976489
611 80.732195 5.421984 42.171618
299 80.811464 5.273660 42.161861
459 83.657066 8.173777 44.550401
139 82.543488 8.979886 44.262046
138 83.415782 8.685359 44.600115
1151 11.210329 16.832326 40.719678
1146 9.882892 14.839177 44.820201
678 12.343492 18.533772 44.190496
1962 25.900000 38.888889 48.122222
1963 23.876665 35.850849 50.619951
1174 19.882138 29.853060 36.409430
1275 20.249121 30.404085 39.273592
994 84.390868 2.576868 43.053531
1286 79.213024 7.476184 42.096081
538 80.184474 6.850703 42.373521
1289 79.482692 6.911918 42.043014
777 5.901206 8.860669 36.626061
2224 6.701687 10.062593 36.513805
2217 6.618729 9.938032 35.088922
809 79.510412 5.502320 41.587479
434 79.233935 5.824482 41.556520
356 79.619750 5.624572 41.682858
1242 74.894582 17.194623 43.173100
1244 72.268864 19.504219 42.629337
2723 73.774122 18.770742 43.137718
285 85.128726 0.000000 46.559768
211 17.909919 26.891770 55.159877
481 15.463819 23.218948 60.164991
328 0.000000 0.000000 73.684211
272 0.813312 1.221189 76.074132
273 1.235530 1.855150 71.320602
1055 11.619572 17.446805 58.130298
607 79.592408 6.027139 41.803241
1322 79.558384 5.828355 41.720034
900 79.083214 6.173185 41.597277
1354 28.939643 0.000000 76.268462
2239 26.474990 0.000000 75.598178
1145 10.483096 15.740384 49.488323
1363 10.156213 15.249569 53.896202
572 11.427404 17.158264 51.625806
330 6.503340 9.764775 10.845678
150 4.469224 6.710547 7.400512
243 5.485714 8.236808 11.139848
1481 7.400000 11.111111 85.177778
1237 43.250671 37.486359 34.108293
405 44.826547 31.828375 33.012122
1500 41.210391 36.899574 32.892754
905 82.142857 0.000000 41.071429
843 79.848992 0.938862 40.237137
925 42.827416 0.000000 38.154938
83 40.183785 0.000000 27.136006
404 61.483016 24.701498 38.967107
2422 60.581906 26.658349 39.168183
2398 62.105911 25.560498 39.564601
885 64.164349 23.100307 39.774577
2399 63.644550 24.518911 39.987072
3 69.862590 17.092399 40.623064
6 69.351788 16.202074 40.071185
1398 14.901982 0.000000 59.474506
1397 19.133879 0.000000 67.266193
1474 12.071896 18.125970 20.719900
1439 11.416945 17.142559 19.052923
90 10.784980 16.193663 19.833473
417 81.554382 5.554200 42.626740
819 81.284531 5.600754 42.507316
517 13.532135 0.000000 90.169662
2347 15.094340 0.000000 92.452830
2340 13.207547 0.000000 93.396226
1223 94.298578 3.473423 48.305939
1202 97.915625 1.562500 49.478125
2655 95.196100 2.708986 48.500142
2670 93.620888 3.637683 48.021793
514 90.637744 5.231725 47.061036
2668 91.057592 5.072417 47.217910
2667 91.380109 4.840551 47.301958
2036 62.413656 14.769526 36.125080
2023 63.970082 14.396274 36.779000
428 42.188848 41.522718 34.921489
1236 40.201454 41.660218 33.973580
983 39.553125 45.312500 34.865625
2097 79.920339 6.082162 41.985530
2098 79.721186 6.101556 41.892411
228 83.435032 2.287126 42.479129
533 81.715359 5.845841 42.804345
872 82.005729 5.583467 42.862159
644 81.536156 5.755888 42.684789
1445 89.488279 6.878041 47.034527
1040 90.399350 6.144910 47.245930
278 89.256735 6.819080 46.899121
147 63.627074 4.601766 33.345925
2299 64.986167 1.963705 33.146997
2300 63.497265 2.640827 32.628028
1176 17.605302 26.434388 35.817885
1430 11.890980 17.854325 72.100364
940 12.516540 18.793603 70.093380
1498 11.676712 17.532601 71.384241
341 86.886399 5.792753 45.372186
1216 87.114756 6.063321 45.576464
1215 88.043204 5.328951 45.796143
1297 81.615708 4.963733 42.460777
960 71.578080 19.081275 42.143105
2400 71.243722 18.472931 41.773347
503 69.457583 20.499965 41.555280
1156 73.064211 16.532655 42.037480
2401 72.713298 17.574501 42.208958
726 84.939394 3.504252 43.636613
2197 84.874928 3.305259 43.538115
758 84.287371 3.709398 43.378915
447 7.666350 11.511036 18.765088
2240 8.858210 0.000000 90.473322
51 85.119567 8.534422 45.401746
817 84.522192 8.872547 45.215654
48 84.656952 8.956647 45.311040
1148 7.074502 10.622375 27.760664
544 7.436374 11.165727 25.622305
655 6.481286 9.731661 25.438490
152 91.662500 6.250000 47.912500
151 93.918348 2.386965 50.651474
65 93.746875 4.687500 48.434375
710 81.482728 5.210306 42.476396
2099 81.500805 5.146872 42.464311
2148 81.380695 5.225472 42.430430
1079 81.719694 5.063279 42.545919
910 78.612663 6.130348 41.347737
2730 78.009759 6.272209 41.093525
911 77.887586 6.730890 41.185179
1219 85.576419 6.484498 44.947547
1328 85.199003 7.032667 44.941379
685 86.086109 6.550734 45.224449
1001 82.158018 5.964812 43.065291
1370 82.735088 5.492377 43.196506
1496 82.118255 5.729345 42.966999
2219 5.931859 8.906695 25.983135
2218 6.330122 9.504687 27.409069
508 47.742654 31.927299 44.169447
1078 49.799158 28.045292 47.027084
9 47.890625 39.062500 36.953125
226 13.316462 19.994687 24.449878
423 29.600000 44.444444 40.711111
2693 19.336941 29.034446 52.001138
2694 18.087243 27.158022 53.424455
821 75.000000 0.000000 37.500000
1140 13.164995 19.767260 27.354725
1138 12.661456 19.011195 25.479388
470 18.610755 0.000000 30.621656
169 15.403040 0.000000 27.342496
1431 19.071730 0.000000 22.494045
1097 50.507724 0.000000 31.603000
2241 52.759673 0.000000 36.527491
842 83.305374 9.168020 44.705638
2507 83.718802 8.710315 44.759936
2508 83.225772 9.010297 44.613315
1168 0.000000 0.000000 36.842105
1124 28.771049 0.000000 50.081849
7 28.212606 0.000000 59.161583
791 84.135012 9.720313 45.304370
788 83.477058 10.187222 45.130874
832 83.918069 10.017971 45.295019
201 81.529656 13.200191 45.160491
205 84.863911 11.088751 46.124510
1904 84.596191 11.053456 45.978896
1205 87.945229 7.159570 46.356752
2746 88.019993 7.189193 46.403997
439 88.617794 6.836597 46.585484
109 4.390304 6.592048 60.330457
379 5.126061 7.696788 56.043801
2214 4.064288 6.102535 57.739014
2509 68.317936 18.921326 40.459769
2510 69.690358 18.111713 40.876379
1207 88.243820 7.249430 46.535971
1970 88.105599 7.250528 46.467226
1966 87.809384 7.491849 46.399478
1034 13.966232 20.970319 64.209706
479 15.050038 22.597655 62.354158
579 14.184663 21.298292 62.740634
2784 26.872287 19.218814 67.325824
315 82.456964 4.497544 42.726164
312 82.714014 4.311698 42.792802
311 82.424113 4.389810 42.673863
168 15.757576 0.000000 19.521593
166 12.477566 0.000000 24.203286
660 12.533781 0.000000 16.756606
13 7.866657 11.811797 39.627906
1149 9.362345 14.057575 40.667576
1083 82.083639 3.477777 42.199919
396 82.166053 3.667023 42.304145
1366 52.231331 31.447596 36.587715
1367 49.807546 33.982162 36.219833
1364 50.590818 34.944916 36.932066
47 87.465139 6.469128 45.886789
43 87.710924 6.537773 46.032540
1495 85.840191 2.027712 43.595324
153 91.404840 3.335990 50.958254
293 92.452830 0.000000 53.773585
724 84.743626 2.814108 43.308911
988 84.610817 3.195502 43.369511
1298 65.074024 0.000000 52.566497
395 67.645289 0.000000 46.087959
694 66.682184 0.000000 57.929609
2684 35.595275 26.421936 26.596142
1229 34.974659 23.390085 25.276228
87 37.286851 0.000000 26.766006
1915 35.714286 0.000000 17.857143
1905 37.500000 0.000000 18.750000
108 81.941707 7.542629 43.482549
926 80.764919 7.689893 42.943194
927 80.338781 8.577015 43.025536
860 15.620961 23.454897 25.606134
861 16.187013 24.304824 24.218761
1159 70.888730 17.761915 41.359083
2511 70.754168 17.095881 41.070012
976 82.763112 4.822203 42.987350
1325 83.173684 4.629705 43.128533
450 82.939922 4.608144 43.004473
267 0.000000 0.000000 68.421053
1450 88.419782 7.470461 46.697555
1444 88.236406 7.409857 46.585686
1442 87.508741 7.991050 46.415390
104 17.154545 25.757576 17.154545
2100 16.398072 24.621729 17.194614
2101 17.161378 25.767835 17.754645
596 10.623202 15.950754 62.644579
867 18.684882 28.055378 48.575904
865 20.699030 31.079625 48.544270
869 21.333765 32.032681 44.123652
238 85.585269 8.126507 45.498761
237 86.084501 7.859584 45.659492
2402 85.969704 7.831636 45.592787
229 84.612943 2.037509 42.984962
12 83.692962 2.590322 42.709058
532 81.632460 6.083031 42.841880
1446 81.284195 6.077473 42.665896
1422 81.013310 6.447606 42.653708
921 15.969104 23.977633 67.218473
938 14.967445 22.473640 68.046664
1967 18.523288 27.812745 56.128789
212 16.866499 25.325074 59.364973
2653 92.857143 0.000000 46.428571
897 94.551712 0.000000 49.134519
2657 94.642857 0.000000 47.321429
282 54.143750 34.375000 38.518750
275 56.473602 14.226877 57.522095
846 80.102113 2.015646 40.722266
841 78.297778 2.282839 39.909074
776 8.285546 12.440760 64.326841
774 8.063990 12.108093 67.032357
251 81.505806 11.956734 44.734496
252 82.490324 11.394482 45.039525
2242 11.585874 0.000000 88.047560
2262 10.096639 0.000000 89.076639
1501 12.208363 0.000000 84.039059
2249 13.735633 0.000000 87.214325
515 90.570046 5.002172 46.950746
348 91.603257 4.569990 47.323435
482 89.432744 5.628910 46.590799
512 89.751905 5.642414 46.754876
2395 57.263011 0.000000 66.519932
2387 56.171017 0.000000 66.765306
340 45.188090 12.791674 26.853672
342 42.396483 18.177018 27.251189
2629 45.260045 16.336156 28.069963
2636 47.136493 13.756329 28.149104
124 92.618967 4.316211 47.746781
2349 20.754717 0.000000 89.622642
561 19.477084 6.478631 83.776348
2243 54.478279 0.000000 36.610770
1116 35.990352 34.877800 29.609483
2630 34.153843 33.656179 28.284429
1112 32.057491 38.785079 28.944177
1105 36.679475 29.086618 28.025581
2631 36.061801 32.221555 28.760678
306 82.846111 3.967493 42.744231
309 83.013740 3.728079 42.748320
836 86.291377 8.187814 45.872230
365 85.667745 8.644600 45.712524
364 86.272465 8.340940 45.913766
1321 81.971393 4.820803 42.591024
2673 81.854742 4.934664 42.570614
1076 81.959626 4.921383 42.618633
699 74.453382 10.492839 40.720806
703 75.539329 10.460693 41.253075
839 76.022121 9.548815 41.190816
770 2.727928 4.095988 69.422267
274 3.481432 5.227376 64.432893
303 2.052344 3.081598 65.913994
1051 87.751399 7.424237 46.347970
1350 18.485076 27.755370 61.287358
513 89.264901 6.038496 46.643270
718 88.724113 6.421812 46.500520
715 89.242486 6.175078 46.677544
511 89.782128 5.790293 46.819231
49 85.254667 8.609583 45.494325
28 5.835671 8.762269 74.481458
1065 5.272919 7.917295 77.794636
1062 6.558318 9.847325 74.522505
683 15.134130 22.723919 37.463670
677 14.635149 21.974698 41.238068
978 3.771498 5.662909 69.752283
489 30.357143 0.000000 15.178571
352 32.142857 0.000000 16.071429
359 31.430474 0.000000 26.964677
1314 4.487830 6.738483 37.602646
1150 5.638860 8.466757 41.653778
1315 63.979435 16.103149 37.352066
1164 5.589969 8.393347 27.614557
128 5.333999 8.009008 24.729864
2220 5.923917 8.894770 24.723694
1294 83.151197 3.465667 42.729666
1883 0.812147 1.219440 38.954957
1884 0.719351 1.080107 35.209779
803 78.497347 7.445649 41.728075
800 77.596618 8.109064 41.498627
1285 78.249739 8.124533 41.830339
2322 82.125593 3.941790 42.375412
2327 82.096786 4.014039 42.385068
2301 82.078024 4.089308 42.400752
835 86.739533 7.969629 46.023653
1142 11.261023 16.908443 27.918039
478 10.713975 16.087049 25.633785
507 10.349499 15.539789 26.951927
38 35.849057 0.000000 82.075472
2785 28.804679 17.406920 68.173333
68 98.113208 0.000000 50.943396
154 96.226415 0.000000 51.886792
484 89.846169 5.183204 46.649091
563 11.100000 16.666667 77.766667
1193 10.157111 15.250918 78.605120
1199 9.250000 13.888889 81.472222
483 88.823871 6.162885 46.464176
833 86.887537 8.154681 46.159277
871 87.391674 7.760388 46.280046
837 86.955624 7.956514 46.127331
1313 83.293801 3.764796 42.900578
989 83.892206 3.582247 43.138991
322 26.558438 0.000000 41.487133
319 22.702702 0.000000 40.339844
318 25.089213 0.000000 31.507708
1144 9.574719 14.376454 25.696378
39 30.867714 0.000000 73.722206
2244 29.944317 0.000000 66.939463
2245 31.204759 0.000000 63.819558
82 85.423681 7.697776 45.275200
86 85.893870 7.282625 45.372049
823 85.217006 7.655409 45.157754
1256 56.446260 28.720965 37.787211
1368 53.049590 32.732323 37.424658
1101 40.401055 24.039273 28.205606
1453 86.537212 7.441171 45.746516
239 86.819432 7.475356 45.899010
696 74.346218 11.643898 41.050527
701 74.494520 12.524943 41.418066
1347 16.716866 25.100399 64.733728
1273 22.489640 33.768228 39.616149
545 84.907476 9.624367 45.658652
546 85.908922 9.020467 45.958276
367 85.693319 8.975728 45.835577
244 9.951566 0.000000 49.512054
2350 16.981132 0.000000 91.509434
192 76.296444 6.296166 40.244845
1082 74.629331 7.024486 39.653819
1420 20.178471 30.298004 42.135994
2436 50.323402 22.806610 32.756302
2035 51.195354 23.464555 33.411374
2482 51.445205 21.926936 33.024272
158 9.722491 14.598335 59.081924
1057 10.908450 16.379054 57.165984
1346 10.188036 15.297352 56.428082
2359 28.352204 0.000000 82.893940
1037 2.774027 4.165206 9.714144
1035 1.224868 1.839141 6.626988
1028 2.403879 3.609428 12.599949
1490 47.169811 0.000000 76.415094
2353 45.995077 0.000000 71.005823
723 89.906441 6.276625 47.043336
719 89.372826 6.484498 46.845751
281 89.155623 6.732666 46.819789
1277 81.423196 4.664959 42.265029
1009 81.423920 4.760899 42.297339
1010 81.606490 4.630733 42.345279
1400 83.400148 10.811086 45.300166
223 7.447609 11.182597 63.999473
225 7.273515 10.921193 66.803214
941 11.476926 17.232622 74.004099
937 12.700719 19.070149 71.496717
242 5.726834 0.000000 55.320171
1341 0.000000 0.000000 52.631579
2779 12.109091 18.181818 12.109091
2103 12.526904 18.809165 12.945687
2781 13.118182 19.696970 13.118182
2104 30.306902 16.435635 20.626518
686 27.584138 24.777862 22.043097
628 13.420653 20.151130 15.995271
787 83.497498 9.826760 45.021060
1102 80.213214 6.004238 42.106018
203 80.492552 5.957662 42.230178
189 80.564149 5.780753 42.207065
1493 7.714133 0.000000 33.630966
472 11.658234 0.000000 31.540253
581 81.749298 3.380725 42.000431
2302 81.644340 3.662265 42.041704
2303 81.865424 3.697127 42.163855
440 80.149693 10.306107 43.506780
442 80.647715 9.418537 43.460231
437 79.191436 10.423004 43.066578
1373 58.893771 22.201175 36.839876
1412 57.675918 25.381264 37.289920
1410 60.376618 22.478610 37.673686
958 70.818750 21.875000 42.693750
324 25.660964 0.000000 21.076590
317 22.156661 0.000000 26.077787
899 82.128509 0.000000 45.478426
901 83.455767 0.000000 44.761257
808 82.168451 5.210285 42.819250
804 82.054663 5.125195 42.734022
1418 18.304392 27.484072 42.271322
1417 16.371765 24.582230 45.573114
1419 18.515437 27.800957 45.395257
2108 44.600272 8.812211 25.234602
344 41.001187 14.341590 25.276343
235 84.429944 8.784229 45.140120
944 84.059120 8.878850 44.986217
613 40.395990 0.000000 67.169614
2354 39.822306 0.000000 73.561278
1255 86.799153 6.985724 45.725822
1360 86.722897 7.181154 45.752773
2199 87.113095 6.915999 45.859575
1478 87.264172 6.943686 45.944334
1329 81.295923 4.462145 42.133856
765 0.000000 0.000000 78.947368
525 0.000000 0.000000 84.210526
775 0.590875 0.887200 79.929072
1436 8.876149 13.327551 73.886354
807 9.867767 14.816467 71.331411
2248 46.586987 0.000000 55.186932
286 87.615743 0.000000 49.335585
290 88.679245 0.000000 55.660377
1287 78.979084 8.076735 42.179095
1301 77.996489 8.814730 41.933549
1053 24.461181 36.728501 48.411786
419 27.750000 41.666667 44.416667
1973 30.105743 33.314188 51.599627
1128 26.236364 39.393939 26.236364
2688 25.227273 37.878788 25.227273
1392 81.571589 1.963593 41.439671
880 14.071717 21.128703 22.647757
1401 13.234050 19.870946 21.246342
1238 12.910273 19.384795 22.618334
714 84.841054 4.258243 43.838522
2674 85.867397 3.644467 44.147306
2681 85.215388 3.806183 43.875153
1038 86.743416 3.029721 44.380605
2675 86.710946 3.361893 44.474983
2028 80.804317 5.722965 42.307906
956 80.817582 5.629845 42.283529
1021 75.955816 11.985085 41.968941
702 76.078088 10.928933 41.678379
873 66.650000 25.000000 41.650000
878 65.779556 24.476520 41.040459
877 64.565625 26.562500 41.128125
2747 88.292741 6.921298 46.451163
1050 10.072963 15.124570 22.393234
1117 10.450275 15.691103 21.215998
91 9.474619 14.226154 20.736805
939 15.434090 23.174309 65.990973
578 15.627152 23.464193 64.291330
1396 13.243061 19.884476 66.109618
1171 0.000000 0.000000 26.315789
1946 88.740044 6.968630 46.690576
1916 88.759554 7.044805 46.725697
1056 11.254663 16.898894 54.345903
1230 9.515122 14.286970 11.831454
584 9.766950 0.000000 22.263671
1309 80.505998 5.553836 42.102426
818 80.646074 5.585133 42.182886
670 91.405660 5.143841 47.415729
2178 74.373670 5.361529 38.972224
2574 75.280113 4.776279 39.230558
2612 74.948621 4.630234 39.016179
849 5.169442 0.000000 19.949568
464 4.394489 0.000000 16.029552
1184 7.080229 0.000000 14.952463
382 6.893645 10.350818 54.512749
1362 8.685714 13.041613 53.838702
963 82.344875 4.312931 42.608643
2200 82.466180 4.196961 42.630678
2201 82.297160 4.269697 42.570389
556 0.907193 1.362151 82.257747
1157 1.233872 1.852660 78.155585
2193 83.381237 3.878736 42.982237
2194 83.658552 3.836090 43.106694
2202 83.937103 3.739713 43.213876
477 87.297769 6.281849 45.740740
1359 86.619498 6.880149 45.600839
457 4.378604 6.574481 82.476232
1232 5.216839 7.833091 82.426330
687 6.185809 9.288001 77.484263
240 84.738735 8.348693 45.149483
2512 85.113323 8.001649 45.221211
2513 84.686230 8.238488 45.086532
1226 85.452476 7.941536 45.370769
1033 3.048058 4.576663 19.456147
1032 2.222593 3.337227 16.165698
1265 2.287727 3.435025 20.803241
406 83.369123 4.680792 43.243265
831 72.890002 7.211207 38.846333
829 70.845782 8.092409 38.117663
2114 71.732598 8.661571 38.750602
2203 84.356735 3.484262 43.338627
2204 82.651820 4.106285 42.693303
1269 86.183705 9.890440 46.385369
1300 86.372793 10.024171 46.524446
634 10.445434 15.683834 59.920130
167 15.605954 0.000000 12.251032
1907 14.285714 0.000000 7.142857
1908 16.071429 0.000000 8.035714
656 15.181107 22.794455 22.754355
748 58.088754 2.365631 29.832132
2115 56.127767 5.954881 30.046859
749 59.014809 4.873357 31.130232
527 51.382343 10.505796 29.189601
891 54.518654 9.589661 30.452684
2116 53.836730 7.394979 29.380893
587 82.548997 5.054438 42.957627
1508 82.301933 5.306402 42.917999
253 80.544009 12.388176 44.397267
601 81.753250 11.468065 44.695491
1173 6.358024 9.546582 20.801164
2221 6.531273 9.806716 22.195938
2229 6.783269 10.185088 21.569233
92 11.072132 16.624822 22.948603
95 10.619228 15.944787 23.875480
332 6.814286 10.231661 85.240593
262 6.372603 9.568473 84.908343
665 82.292537 10.342252 44.590239
137 83.186705 9.558769 44.776423
399 6.367796 9.561255 81.059667
1485 7.751745 11.639256 76.981335
1066 6.814380 10.231802 77.907767
250 45.058283 0.000000 47.380532
923 46.007792 0.000000 38.627153
1063 89.628270 6.119141 46.851809
2659 89.620101 5.999016 46.807723
2660 89.271995 6.255539 46.719092
2656 90.175629 5.655028 46.970939
254 12.178664 18.286282 23.671873
93 11.578037 17.384439 21.834697
642 53.632245 23.028150 34.484496
2030 53.969982 20.180427 33.705073
2031 52.581309 22.455447 33.768319
1492 4.587059 0.000000 25.581663
889 7.206888 0.000000 21.082058
496 2.244597 3.370266 48.926379
1361 1.717812 2.579298 42.252074
1885 0.961130 1.443138 47.781768
979 16.421544 0.000000 88.366166
2250 14.930249 0.000000 85.449180
573 8.068378 12.114681 12.975158
633 8.918084 13.390517 15.070468
569 9.303804 13.969676 14.258542
574 86.289013 6.786102 45.404279
1358 8.773151 13.172900 23.583898
2438 8.693499 13.053302 25.034573
700 72.681306 12.183008 40.397595
1249 12.627374 18.960021 51.869773
1421 14.361605 21.563971 48.911300
995 82.660778 10.359399 44.780069
230 85.976522 1.285293 43.416264
2288 3.027835 0.000000 94.923195
2291 2.516736 0.000000 96.816584
2251 48.450339 0.000000 55.619531
1288 79.884809 7.447567 42.422444
964 81.879454 4.336585 42.383810
2548 81.771238 4.336474 42.329665
2117 80.847745 5.537864 42.267981
2118 80.695172 5.643091 42.226735
813 81.034007 5.490505 42.345341
380 5.818584 8.736612 59.598425
1910 53.571429 0.000000 26.785714
2223 6.755327 10.143133 38.606363
523 85.691491 8.216429 45.581816
609 7.313456 10.981165 16.967942
981 36.623498 34.207433 47.446611
1974 39.498670 30.437673 49.782554
1018 69.739111 0.000000 59.229053
1019 68.781488 0.000000 54.655564
883 70.790839 0.000000 52.162444
1337 78.728821 0.000000 56.553158
1095 76.524632 0.000000 55.731714
1094 78.633814 0.000000 51.216068
1135 71.839056 15.816877 41.186548
619 45.283019 0.000000 77.358491
1303 76.796835 9.688981 41.624848
308 3.761780 5.648319 32.930138
466 2.601950 3.906831 32.997803
999 83.297404 5.815310 43.585200
948 84.763107 5.270291 44.136560
1002 84.392383 4.923457 43.835703
898 88.162344 2.719446 44.986747
2407 79.360166 12.368425 43.798768
1304 77.929112 9.555877 42.146663
215 21.885865 32.861660 53.691695
1975 23.086280 34.664084 51.046277
2529 71.490108 16.696500 41.304988
2046 38.118549 36.202795 31.114806
2059 36.269759 38.623530 30.996515
2492 37.583419 38.809954 31.715424
474 0.780661 1.172163 31.137577
850 74.331393 9.655353 40.380929
255 80.219987 13.065554 44.460823
202 80.157095 13.584807 44.602288
207 81.537815 12.286615 44.860350
2450 18.636119 27.982160 33.621050
2446 19.466525 29.229016 34.266433
859 17.246556 25.895729 30.149769
2441 16.588954 24.908340 31.999587
1198 51.778918 15.247019 58.848276
2389 52.284097 7.726185 66.124040
2383 53.501965 6.371957 66.870688
519 8.309929 0.000000 80.490054
2634 41.249522 26.049033 29.299089
1092 76.810139 0.000000 49.243324
301 74.923879 0.000000 53.043007
1375 12.500000 0.000000 6.250000
2822 11.805170 8.341909 8.680441
2823 12.538582 11.859345 10.218453
1166 34.469311 0.000000 45.912226
975 12.407890 18.630465 65.368818
176 12.188389 18.300884 66.658947
1509 13.085652 19.648126 65.124226
384 6.602881 9.914235 61.198367
339 5.652846 8.487757 63.579133
224 6.553386 9.839919 63.847273
94 9.118080 13.690812 21.881079
786 83.049740 10.308903 44.957735
618 39.380645 11.985015 68.312678
310 82.161590 4.465395 42.567772
1172 2.970011 4.459476 37.422372
1169 1.628945 2.445863 35.422153
779 10.114874 15.187498 34.468426
1181 2.578543 0.000000 22.102105
61 95.162444 2.263848 48.335083
62 92.849387 2.926188 47.399114
1235 92.500073 3.610459 47.452319
2205 87.272077 6.727156 45.876182
320 21.458342 0.000000 33.448076
1189 69.906976 0.000000 46.486586
536 80.729007 6.913256 42.666618
510 5.927992 8.900889 6.855701
2121 6.947762 10.432076 8.605309
353 8.012267 12.030431 8.838166
174 4.046085 6.075203 4.853209
2128 4.934175 7.408671 6.514952
2122 5.575159 8.371110 7.063722
81 39.394750 0.000000 38.324945
2404 73.839435 16.565026 42.435871
854 81.765781 4.602327 42.415465
1336 81.766110 4.699295 42.447920
1257 54.807588 28.744192 36.975610
222 6.449791 9.684371 66.678158
24 5.516604 8.283190 69.429734
23 6.317349 9.485509 69.361228
441 85.006833 8.424819 45.308881
2405 84.650521 8.544936 45.170724
704 13.492604 20.259165 70.896354
2750 81.607981 4.792529 42.399903
1006 81.464233 4.876946 42.356139
2760 81.690933 4.789437 42.440349
1380 3.621749 5.438062 43.329417
1345 8.898365 13.360908 57.650397
1486 8.014086 12.033162 74.553017
624 8.349998 12.537535 72.357500
1976 7.883967 11.837788 73.813332
977 1.819594 2.732123 74.407954
757 84.855410 8.022062 45.099051
1476 85.939074 7.463571 45.454906
2535 85.688471 7.702168 45.409057
2528 85.838928 7.642226 45.464325
641 55.311705 16.690709 33.213859
2106 57.047707 13.328951 32.962394
2107 55.239249 14.329277 32.391274
888 53.536945 14.363418 31.551491
2635 53.629552 16.519650 32.315820
1165 31.716695 0.000000 38.981904
1127 1.802985 0.000000 29.348507
1435 8.773804 13.173880 75.610604
1279 63.554105 20.978807 38.762995
623 37.473040 0.000000 54.385570
580 36.950274 0.000000 42.959237
708 12.192728 18.307399 73.489777
1390 23.605867 0.000000 84.414459
2351 28.301887 0.000000 85.849057
2352 26.415094 0.000000 86.792453
2357 24.528302 0.000000 87.735849
170 9.525457 0.000000 16.407666
996 83.844702 4.586410 43.449626
540 83.981555 10.256042 45.406039
22 7.076802 10.625829 69.421227
30 7.781454 11.683865 69.504515
2252 22.619284 0.000000 78.530246
1047 46.308326 34.267535 34.565252
1071 15.384114 0.000000 77.149893
1069 12.498412 0.000000 72.999687
1072 16.870635 0.000000 72.963678
1467 83.009689 4.097858 42.869431
2206 83.079989 3.953591 42.856540
1477 87.963358 6.587448 46.175299
323 28.313802 0.000000 23.876827
321 28.773587 0.000000 34.247701
643 57.762317 14.409852 33.679639
2125 58.296788 12.821456 33.417939
721 83.677047 4.394628 43.301935
1384 79.019186 5.688115 41.403735
2751 79.334835 5.382318 41.459729
2752 78.961365 5.504704 41.313749
2077 78.139702 7.382557 41.528242
2067 77.837818 7.641126 41.463404
625 11.474148 17.228451 15.885651
1224 11.777832 17.684433 15.009558
1913 79.245283 0.000000 60.377358
1929 78.093793 0.000000 59.328530
2836 78.817748 4.951607 55.634568
1914 81.132075 0.000000 59.433962
2837 79.281016 7.570534 52.781387
2406 56.228125 32.812500 39.040625
371 84.643648 9.364722 45.440276
362 85.097078 9.123839 45.586778
543 83.748688 10.273351 45.295370
2253 26.782535 0.000000 73.246116
1218 86.403336 5.480698 45.026741
1220 88.225378 4.145164 45.493029
598 86.555977 4.564014 44.797805
8 67.253968 17.401727 39.421759
1408 68.933546 15.111136 39.498781
1323 83.059461 4.438984 43.007912
118 81.935241 5.095886 42.664551
2676 82.097743 5.015850 42.719149
2677 81.998010 5.019692 42.670562
245 4.647742 0.000000 62.533147
155 94.339623 0.000000 52.830189
2797 91.707235 0.000000 48.986012
2798 92.917500 0.000000 49.121608
1059 11.018508 16.544307 60.708816
400 47.563268 16.908539 29.412178
248 17.408952 0.000000 52.904901
241 13.585469 0.000000 52.555934
5 66.660644 20.739563 40.236597
2524 66.535770 19.912247 39.898663
2516 65.343025 21.126123 39.706511
2515 63.744834 22.080191 39.225121
2519 62.314982 22.776103 38.741933
460 84.623086 7.576199 44.834417
826 84.223885 8.073156 44.800304
886 84.949159 7.625688 45.013934
456 1.120228 1.682023 89.777550
25 4.626626 6.946885 74.840040
26 4.790293 7.192632 76.761877
19 5.367995 8.060052 73.983682
876 14.011691 21.038575 68.860010
354 33.668419 6.633764 19.043253
197 89.840448 4.580459 46.445517
350 88.842213 5.069854 46.109368
473 89.006129 5.240401 46.248118
780 61.686069 16.857139 36.456462
420 81.899796 5.456790 42.767009
80 55.440946 0.000000 61.774442
2254 55.184569 0.000000 55.241960
2233 57.025293 0.000000 54.822020
2442 10.380800 15.586787 28.263911
1099 9.326749 14.004127 28.377529
2443 9.816979 14.740209 27.247521
874 79.916893 6.218271 42.029131
1502 80.187423 6.196329 42.157089
946 86.070627 4.053940 44.385276
425 1.162210 1.745059 11.175584
432 0.000000 0.000000 5.263158
1462 87.066427 8.741250 46.444050
590 50.172309 0.000000 59.151099
2273 50.460249 0.000000 53.622507
2270 51.359686 0.000000 54.511354
1469 47.913681 0.000000 48.161129
2255 49.550930 0.000000 52.896973
1133 16.945479 25.443662 62.914454
209 17.073540 25.635946 61.120316
1307 80.512702 4.644971 41.803126
680 80.113680 4.865784 41.677146
206 82.073332 12.274813 45.124178
1123 24.481175 0.000000 50.077741
553 3.056934 4.589991 75.775756
552 3.778326 5.673161 75.542834
557 3.796888 5.701033 72.729422
539 85.119768 9.697986 45.789314
616 85.359623 9.728181 45.919296
1470 46.229515 30.989051 45.865203
15 45.806250 40.625000 36.431250
21 6.151213 9.236055 71.863585
904 83.928571 0.000000 41.964286
783 64.422546 9.073181 35.232642
1437 61.446745 10.354426 34.171397
2126 62.383895 11.483270 35.015877
620 7.112192 0.000000 27.337314
1262 9.745815 0.000000 27.795098
2637 17.446720 26.196276 28.009034
858 16.046091 24.093230 27.703968
582 42.399551 0.000000 49.683411
389 82.467077 3.124517 42.274003
2678 87.271811 3.689711 44.864579
2517 86.347215 7.270270 45.594607
67 93.188163 1.186577 46.989212
2802 96.245520 0.000000 49.008448
2803 97.491254 0.000000 49.428612
1013 63.627229 26.244812 40.553137
568 8.708096 13.075219 12.607142
567 9.542124 14.327514 12.759103
1008 81.592431 4.729410 42.371109
73 81.099910 4.449581 42.031665
164 80.788288 4.633222 41.937007
974 10.930250 16.411786 64.065818
2038 10.533728 15.816408 63.782830
2039 10.255068 15.398000 64.796745
2662 100.000000 0.000000 50.000000
2663 97.068542 1.633833 49.078338
1183 3.666472 0.000000 12.285623
191 1.009091 1.515152 1.009091
2127 4.095672 6.149657 5.653440
1143 13.665981 20.519491 29.649857
840 13.994708 21.013075 32.851431
2453 13.613155 20.440172 31.417374
1259 88.086040 5.639539 45.920986
231 87.304359 0.579017 43.844992
602 79.923151 5.743899 41.874294
1344 80.258892 5.636355 42.006352
1343 80.206552 5.508555 41.937625
360 85.044127 9.324548 45.627138
363 84.532215 9.565847 45.451534
606 79.897845 5.576851 41.806014
1383 79.898176 5.390855 41.744243
1357 37.468750 46.875000 34.343750
1296 37.536940 41.865161 32.709568
870 87.345572 7.572461 46.194416
1085 81.177455 4.271204 42.011038
2550 81.266188 4.110545 42.001905
691 66.037736 0.000000 66.981132
690 64.630038 0.000000 61.248765
2257 7.578604 0.000000 92.157081
799 77.215870 8.824837 41.546606
812 80.919843 5.420457 42.264933
2129 81.093568 5.383800 42.339590
2157 81.200750 5.316558 42.370789
2156 81.276411 5.265309 42.391554
99 18.163636 27.272727 18.163636
2131 17.465203 26.224028 18.185582
84 11.320312 0.000000 11.359201
658 6.766649 10.160134 23.776155
2222 6.260207 9.399711 22.931131
126 5.761687 8.651182 23.156639
2225 6.276116 9.423598 23.922551
1026 10.885395 16.344437 76.142096
1217 89.235245 4.559923 46.136077
1379 14.267747 21.423044 64.719895
390 67.500307 4.071230 35.105873
1312 69.526458 2.086163 35.457921
391 67.936382 1.823119 34.575290
949 13.808489 20.733467 59.374382
952 13.501883 20.273097 57.890245
551 12.608828 18.932175 60.681047
349 91.431226 4.936454 47.359452
1480 9.489676 14.248763 78.896638
1429 10.297937 15.462368 76.362059
376 9.071470 13.620826 78.655369
156 91.438770 6.151923 47.767975
1356 89.738240 7.445389 47.348435
1074 4.524101 6.792945 18.867230
1457 4.886772 7.337496 22.002475
125 5.336424 8.012649 21.028679
1197 16.206172 24.333591 21.149783
855 17.823654 26.762243 22.240465
857 17.061760 25.618258 20.481406
520 15.996154 0.000000 82.273494
604 12.106106 0.000000 78.553989
1152 10.555475 15.849061 37.560801
746 11.622855 17.451734 34.941449
2188 62.825029 7.197243 33.809196
2580 63.694846 5.961959 33.832755
2620 63.208808 5.986665 33.597964
564 20.552681 0.000000 87.258595
2246 19.791333 0.000000 83.361780
2463 7.747400 11.632732 22.142465
2444 8.088193 12.144434 23.096197
2445 8.370330 12.568063 23.975616
1917 88.668119 7.186051 46.727015
159 60.550775 0.000000 41.183986
2259 58.479320 0.000000 44.347535
2745 58.936322 0.000000 41.410342
163 58.594418 0.000000 49.118462
78 56.460858 0.000000 47.680661
111 82.151326 6.769326 43.329849
1466 83.015893 4.249526 42.923039
1030 3.944165 5.922170 20.608761
856 18.772514 28.186957 21.166442
2134 19.631379 29.476545 20.529951
2135 18.722357 28.111647 19.953503
1137 20.550264 30.856252 21.783637
313 82.654395 4.194558 42.723985
1911 17.857143 0.000000 8.928571
1918 19.642857 0.000000 9.821429
1919 21.428571 0.000000 10.714286
550 1.580025 2.372410 83.668592
188 17.717541 26.602914 24.105414
1196 16.394232 24.615963 22.659825
2136 80.600311 5.681861 42.192215
722 84.078328 8.372588 44.827236
2531 84.096049 8.478316 44.871304
2520 84.395560 8.283055 44.956037
361 85.679321 8.813820 45.774662
368 86.301191 8.473264 45.972192
296 81.057123 5.136589 42.239045
793 28.571429 0.000000 14.285714
421 25.938014 38.945967 44.531127
1119 20.014788 0.000000 59.639694
1120 24.055373 0.000000 58.966072
1121 23.417153 0.000000 65.543807
2828 85.158436 5.696157 51.718929
743 85.409375 10.937500 46.346875
947 81.039564 5.646854 42.400184
816 81.293291 5.461458 42.465311
1463 89.640121 7.011976 47.155049
516 90.604244 5.509057 47.136638
2664 90.781287 5.280936 47.149195
1214 82.992493 2.759259 42.415080
1506 82.273970 2.807294 42.071814
1039 9.703447 14.569740 23.701441
1879 8.304507 12.469229 69.719680
1880 8.581116 12.884558 68.383795
2083 8.164252 12.258636 69.343168
449 6.134440 9.210871 19.138505
130 5.544249 8.324698 19.512680
1352 33.962264 0.000000 83.018868
2786 27.412583 11.237420 75.045051
499 64.741346 24.223456 40.437084
2408 65.756200 22.492004 40.367937
2409 64.576611 23.583670 40.141668
810 85.451066 7.145061 45.104838
1977 31.711114 33.612991 50.497839
426 32.642136 36.505613 47.136814
1978 33.581351 31.268951 51.909105
234 84.609881 0.663549 42.525902
805 82.373190 4.988385 42.847727
465 90.705307 1.629793 45.895374
2665 91.157821 0.744400 45.826795
2212 89.997405 1.347805 45.447522
2552 81.743360 4.417000 42.342541
2553 81.754336 4.378185 42.335104
1415 82.890504 5.200754 43.177103
337 88.094570 4.848314 45.661774
970 10.908096 16.378522 67.622218
2522 61.044437 23.799621 38.447492
638 9.802360 14.718258 16.898810
652 10.791512 16.203471 17.514710
635 10.053284 15.095020 15.930444
662 81.317953 10.878079 44.281377
2410 80.514728 11.637474 44.132643
2411 81.201889 11.189823 44.327156
2413 79.919367 12.033058 43.966692
105 15.104375 22.679241 16.491328
387 66.034267 3.190633 34.079614
2025 49.659323 24.852458 33.105530
2467 50.372802 25.279559 33.604494
2483 51.071824 24.791329 33.791425
2412 81.628511 10.849235 44.427051
461 82.877818 8.321220 44.209875
1458 0.000000 0.000000 100.000000
2215 0.000000 0.000000 94.736842
1276 81.223540 4.701492 42.177367
1305 80.593448 4.959519 41.948244
172 80.834404 4.860292 42.035679
4 65.609526 19.798308 39.397600
2 67.749654 18.403165 40.003081
2525 67.316001 19.494075 40.149528
333 12.615673 18.942453 48.528832
705 74.605239 13.236826 41.710483
1136 73.801808 14.544330 41.744166
1023 75.622974 13.047820 42.156411
766 80.059234 4.448978 41.511127
760 79.423656 4.765617 41.298778
672 79.786101 4.831228 41.501849
338 43.782102 4.535543 23.401387
345 40.699052 4.876796 21.973499
2138 40.529372 9.686847 23.490406
585 36.881773 15.504742 23.603966
2139 38.333885 9.518364 22.336558
221 5.590283 8.393819 66.628027
907 81.791789 1.018975 41.235213
1483 86.832625 7.790413 46.010520
190 17.309823 25.990726 26.178496
537 81.505626 6.433109 42.895038
931 81.304708 6.912011 42.954054
305 73.226543 0.000000 57.861579
1497 73.584906 0.000000 63.207547
879 71.698113 0.000000 64.150943
1190 86.858338 7.620814 45.966900
1206 87.429047 7.370500 46.168900
2448 24.080874 36.157469 32.538949
2447 25.338482 38.045768 31.506160
735 80.645305 0.000000 53.009299
734 82.727731 0.000000 55.013357
725 80.916347 0.000000 57.146283
2738 23.209091 34.848485 23.209091
2739 21.746115 32.651824 22.863255
500 67.170740 22.121649 40.951879
875 67.922395 22.706702 41.522529
732 79.811865 14.839724 44.847560
1920 81.240625 14.062500 45.303125
731 83.018868 0.000000 58.490566
2838 81.538971 10.132528 49.087854
2839 80.954114 8.475139 51.039329
932 80.481118 7.388542 42.700943
769 53.605854 0.000000 31.215132
1922 55.357143 0.000000 27.678571
487 89.285714 0.000000 44.642857
2799 90.176318 0.000000 48.012119
498 68.628367 19.687042 40.869968
187 22.450604 33.709615 28.503159
385 66.071429 0.000000 33.035714
2306 66.401253 1.349005 33.649846
388 67.857143 0.000000 33.928571
2307 67.057261 1.590689 34.058330
922 48.983362 0.000000 39.486179
920 47.343678 0.000000 30.802557
630 11.640908 17.478840 12.602138
745 77.088701 15.317838 43.645191
733 76.562795 16.592665 43.806755
1067 82.780346 11.443301 45.200792
1043 81.178040 8.558741 43.439081
1179 79.808731 9.472800 43.058808
811 84.438520 9.384115 45.344171
458 3.749734 5.630232 78.429964
548 2.802536 4.208012 79.131389
502 86.290435 7.878187 45.768654
1107 89.724090 7.201253 47.260062
1041 91.122626 6.125414 47.601076
2140 35.938847 12.003415 21.966561
1409 70.975804 14.108260 40.185953
847 79.486750 3.448363 40.891680
2298 79.655664 3.748389 41.076046
335 1.785714 0.000000 0.892857
2764 0.876454 0.000000 3.036463
1886 0.000000 0.000000 0.000000
509 44.768460 38.739732 35.284561
14 47.334793 36.349278 35.771706
1154 41.509434 0.000000 79.245283
559 30.188679 0.000000 84.905660
1100 7.926475 11.901615 24.187795
2461 7.451877 11.189005 23.065661
2449 7.327111 11.001667 23.829098
1192 68.749323 8.583766 37.233056
1221 66.992794 8.325380 36.268749
2141 66.998982 9.897318 36.795298
1122 19.896668 0.000000 46.825020
2549 81.473501 4.113139 42.106426
1425 68.503416 13.960354 38.900506
2260 16.289550 0.000000 85.352854
565 19.449262 0.000000 78.958619
657 8.056344 12.096613 28.070198
1134 7.569891 11.366203 29.775424
790 84.205546 9.384693 45.227876
1118 21.171391 0.000000 53.682686
1377 68.705613 11.374424 38.140490
2019 69.832833 12.077337 38.938170
1427 71.466346 10.093394 39.094273
1348 16.650000 25.000000 66.650000
759 79.134976 4.331780 41.009970
2556 79.157753 4.654574 41.128850
2555 79.636478 4.410923 41.287077
2109 47.130704 8.295969 26.327909
1272 28.891629 43.380824 36.346768
1170 1.800681 2.703725 29.980512
1029 3.311768 4.972624 17.087867
398 8.508296 12.775219 30.591533
140 84.619891 8.005326 44.975719
640 80.893960 5.938185 42.424396
530 81.063784 6.004413 42.531361
928 81.229845 5.769030 42.536010
2026 48.041398 26.387038 32.807582
2470 47.982877 24.909175 32.286194
2042 46.766706 26.619934 32.247791
2468 47.342132 28.673980 33.219501
2469 46.515765 28.476731 32.740634
688 15.249903 22.897753 21.490173
2142 80.973791 5.458156 42.304461
186 19.184410 28.805420 28.003901
64 93.110520 3.682626 47.781575
131 91.750400 4.270701 47.297343
744 78.604838 14.511939 44.134895
1333 48.987721 20.914653 54.570572
1015 67.924528 0.000000 66.037736
2143 3.701746 5.558177 7.265575
2414 85.017972 8.288088 45.268919
261 1.850000 2.777778 96.294444
2343 3.561567 5.347698 92.049988
2378 2.997477 4.500717 93.025311
334 2.703933 4.059959 92.570044
2363 2.354959 3.535974 94.274435
1941 50.000000 0.000000 25.000000
2415 86.432895 7.663575 45.768418
2364 33.769211 0.000000 76.310077
2207 82.869109 4.059070 42.786225
366 4.223384 6.341417 89.482376
1188 1.121917 1.684560 15.871398
20 6.873290 10.320255 71.962465
1000 82.760426 5.773070 43.302645
998 82.196251 6.277940 43.188680
1926 4.780664 7.178173 5.175826
1944 3.422071 5.138244 3.666256
1909 12.667484 0.000000 8.939247
171 13.282649 0.000000 11.289789
1416 82.462877 5.406540 43.031816
331 7.488187 11.243524 13.944233
1108 31.450000 47.222222 37.005556
2416 58.144659 20.516480 50.390674
27 4.637235 6.962816 72.350431
893 71.385660 2.161840 36.412723
393 69.264968 4.460787 36.117926
430 43.721875 42.187500 35.909375
1924 25.000000 0.000000 12.500000
597 84.859282 5.886851 44.389962
415 27.035123 0.000000 65.690919
985 26.289301 0.000000 69.865983
454 3.177716 4.771345 88.586664
1395 81.395170 2.712343 41.600795
2753 79.664826 5.289664 41.593871
2754 79.802180 5.316230 41.671395
2755 79.939455 5.266553 41.723490
258 6.382832 9.583831 83.128585
1253 87.493750 9.375000 46.868750
1438 87.913224 8.829165 46.896724
462 81.578030 9.249723 43.869173
1191 71.428571 0.000000 35.714286
825 73.214286 0.000000 36.607143
1326 83.324704 4.222851 43.068562
386 83.093422 2.987038 42.541394
1075 86.792453 0.000000 56.603774
736 84.905660 0.000000 57.547170
1979 82.498316 12.235454 45.323564
830 15.015059 22.545133 20.263965
554 15.692424 23.562198 19.762862
882 71.387380 0.000000 58.195182
1125 92.638287 5.201979 48.051403
1468 12.507092 18.779417 19.733632
1451 10.714286 0.000000 5.357143
1939 9.484945 0.000000 6.815524
1925 8.928571 0.000000 4.464286
741 59.559251 19.685571 36.334921
374 9.833463 14.764959 75.238200
2440 17.595380 26.419490 32.806092
2666 92.170726 4.392167 47.547955
789 83.800562 9.802001 45.164347
637 8.792492 13.201940 16.415620
1045 83.249627 7.616243 44.161023
600 84.625329 6.643295 44.524882
599 83.404976 6.984635 44.028371
329 5.699477 8.557773 16.940404
122 6.741944 10.123038 17.704619
2487 32.819990 44.920377 31.368480
2145 66.113028 6.588426 35.250460
2133 65.265514 6.272880 34.721626
2583 65.141095 7.428181 35.044131
1424 81.446384 4.276622 42.147307
2557 81.642343 4.127882 42.195756
1086 81.742935 3.991417 42.200609
2558 81.664991 4.180777 42.224694
100 16.625435 24.963116 18.074847
2130 17.910361 26.892434 18.749198
1162 75.128887 14.199827 42.292986
1399 14.285369 21.449503 21.501271
915 14.417481 21.647869 20.611840
610 80.521348 5.422204 42.066268
576 8.144177 12.228494 10.707000
794 26.785714 0.000000 13.392857
2690 5.573921 8.369251 18.148080
827 75.642751 1.888798 38.450345
824 7.576906 11.376735 61.000483
822 73.418165 2.037265 37.387492
257 4.376728 6.571663 87.043384
2366 2.564594 3.850742 92.050023
1877 82.133137 4.232032 42.475835
2337 82.189699 4.245497 42.508600
2311 82.248074 4.181063 42.516331
2310 82.050011 4.212355 42.427720
2332 82.063173 4.159683 42.416761
2478 39.112161 33.707311 30.780615
2476 40.707427 31.687230 30.905561
446 7.189602 10.795199 20.786257
2691 6.441366 9.671720 18.642446
2826 31.483134 47.271974 34.735808
1338 5.357143 0.000000 2.678571
2821 3.799899 2.629066 2.775428
2815 4.796999 2.940506 3.377688
838 75.493893 9.162640 40.798106
433 44.107669 31.198444 46.716523
586 47.010920 19.081409 57.394050
2526 72.478476 16.111327 41.604310
894 71.871729 0.000000 43.735545
1365 8.546512 12.832600 61.340867
942 14.422633 21.655606 65.697833
2312 79.078666 3.952182 40.855410
675 14.451070 21.698304 45.087294
121 82.217797 4.663495 42.661843
120 82.449990 4.622634 42.764332
1247 14.484908 21.749111 27.828503
1388 5.113674 1.969477 95.471716
2289 5.660377 0.000000 97.169811
2258 7.547170 0.000000 96.226415
77 52.817643 0.000000 60.294456
2263 54.178103 0.000000 51.638220
392 69.642857 0.000000 34.821429
784 10.202812 15.319537 68.112801
116 82.181876 4.787446 42.685157
706 82.102772 4.927829 42.692353
1928 77.042576 0.000000 59.062850
728 77.358491 0.000000 61.320755
913 79.532015 6.329364 41.873686
531 80.744098 6.328061 42.479293
1432 80.694449 6.157839 42.397785
729 89.773859 3.782395 46.146467
1126 92.044550 2.617281 46.893830
346 38.512630 21.506198 26.417879
485 4.668797 7.010206 69.589109
1073 4.917520 7.383664 17.000730
1031 3.727810 5.597312 14.829415
1158 2.868538 4.307114 73.366117
448 76.207483 13.875062 42.724137
1161 75.101755 15.269573 42.635645
755 80.985238 4.975790 42.149557
754 81.222185 4.813948 42.214137
756 81.008285 4.845163 42.117582
182 19.624496 29.466210 23.732679
184 20.993869 31.522326 25.990803
595 4.435562 6.660003 13.706571
1484 13.979119 20.989669 19.546632
1402 13.557954 20.357289 20.257158
844 78.571429 0.000000 39.285714
980 77.679838 1.254572 39.257692
495 4.753039 7.136695 47.113548
2227 6.127986 9.201181 45.280817
648 10.509097 15.779425 18.293589
2710 13.870738 20.826934 60.076649
2705 14.262339 21.414923 59.500267
2047 57.140201 16.661341 34.118327
2062 55.684888 18.236917 33.915338
1327 84.258335 7.406843 44.595646
1983 71.499638 13.525807 50.710848
2049 81.574257 5.206150 42.520776
707 81.696788 5.172331 42.570780
1139 11.956284 17.952378 26.592894
521 12.402632 18.622571 28.471088
992 85.622952 3.356820 43.929297
327 3.842954 5.770202 9.512851
297 81.118652 5.008478 42.227149
298 80.892362 5.130684 42.154699
806 80.783398 5.848882 42.339377
402 81.046260 5.760741 42.441457
2419 69.760429 19.387274 41.336176
277 62.264151 0.000000 68.867925
2417 57.756541 17.279589 53.824861
2029 80.960104 5.603891 42.346147
369 86.318879 8.597900 46.022540
1163 29.532899 0.000000 42.667957
535 80.546027 6.088205 42.300385
1874 4.772535 0.000000 94.916248
146 61.610864 4.412341 32.274742
2314 61.187795 2.622006 31.467026
141 62.500000 0.000000 31.250000
2333 62.512176 1.852135 31.872849
1044 82.350942 7.840619 43.786397
2146 8.924577 13.400266 10.560843
2152 9.508967 14.277728 10.454967
101 16.208751 24.337464 19.025256
102 17.667043 26.527091 19.543631
764 79.174550 5.193413 41.316681
2722 68.532518 22.926667 41.900839
476 80.762871 4.989030 42.042782
1369 11.020533 16.547346 32.248723
661 9.704849 14.571846 31.539878
381 7.412682 11.130154 57.966520
1423 16.219349 24.353376 49.691556
571 7.488755 11.244376 11.124883
336 6.019783 9.038713 8.489437
193 8.519602 12.792196 81.858219
2787 21.685826 13.352807 75.790927
265 8.006540 12.021831 81.756964
165 82.698876 10.756735 44.931431
2147 8.007196 12.022817 9.677830
2801 89.935808 0.000000 48.908141
2800 89.614084 0.000000 50.096858
549 2.038385 3.060637 78.109020
2054 9.912801 14.884086 65.478297
773 8.998905 13.511869 66.610344
2052 9.019252 13.542420 67.630847
397 48.791444 9.822443 27.666595
2638 48.879619 12.922835 28.743114
1311 0.000000 0.000000 47.368421
263 7.771601 11.669071 80.982621
110 83.402967 6.378174 43.825415
887 52.019744 19.859253 32.623003
2639 52.040118 17.355594 31.799472
2651 50.532588 19.221531 31.667064
1381 13.274289 19.931365 63.461159
785 85.560023 7.298977 45.210571
401 45.541316 23.807063 30.698410
622 39.647151 0.000000 49.885719
2261 44.614273 0.000000 54.469631
669 51.370161 30.669944 35.898172
1049 49.427548 31.418740 35.176215
2164 18.368122 27.579763 19.354765
1320 88.292049 8.045325 46.825118
1447 86.825086 9.153379 46.460618
2308 60.301129 1.972199 30.807307
501 11.533623 17.317752 24.700337
2367 31.386467 0.000000 78.397973
2376 32.396341 0.000000 78.464308
2341 30.766376 0.000000 80.516020
1503 7.142857 0.000000 3.571429
2769 8.646047 7.702184 6.887851
1114 35.384375 48.437500 33.821875
1931 85.013981 10.587784 46.032722
1932 85.771720 9.959324 46.202315
2266 28.234290 0.000000 72.663974
2695 16.295454 24.467649 55.909497
593 44.353379 20.289859 57.513162
2680 82.204273 5.011185 42.770861
848 80.288111 2.768204 41.065868
845 78.814417 3.121403 40.446636
2788 24.816368 10.756370 76.824690
2789 23.481864 15.429041 72.814598
2149 49.052395 6.489073 26.687059
1302 78.808296 8.617414 42.273747
930 79.414649 8.659744 42.591019
200 79.195618 14.693464 44.490732
1985 78.057522 15.932190 44.334180
2586 71.501913 5.500702 37.582691
895 71.461514 4.386822 37.191569
2591 70.852723 5.606545 37.293341
753 81.310401 4.897559 42.286088
1005 81.278854 5.002728 42.305335
986 83.813275 4.105666 43.273824
1316 83.729032 3.941925 43.177177
987 84.530148 3.965200 43.585485
2396 76.374574 14.799839 43.115633
2368 37.683265 0.000000 73.081412
2391 38.729121 0.000000 73.621077
2369 49.327569 11.826736 63.497653
2356 51.025315 9.285765 65.192291
1060 9.348152 14.036264 61.986082
55 80.439762 4.873168 41.842646
2210 86.909344 7.120503 45.825799
2830 88.204339 4.208044 51.685578
411 4.823533 7.242542 26.004866
1355 88.112732 8.427492 46.862721
1299 77.450936 6.205273 40.791824
2421 60.099387 29.287393 39.802395
2370 22.641509 0.000000 88.679245
1046 8.422252 12.646024 26.293736
2271 56.533653 0.000000 40.516956
2280 57.854225 0.000000 42.344223
1374 66.508566 14.584793 38.111019
1187 4.130192 0.000000 7.148256
490 25.499043 15.889721 18.040798
792 20.181818 30.303030 20.181818
2119 21.190909 31.818182 21.190909
2153 24.619082 23.534564 20.146551
778 11.095816 16.660385 65.991155
973 11.768771 17.670828 65.695366
2154 69.983121 6.277010 37.081805
2155 68.913144 6.558402 36.640520
2593 69.158823 7.241043 36.990679
2597 68.360483 7.588531 36.707223
2598 67.988331 7.234066 36.403109
2003 11.057955 16.603536 64.929781
2711 10.847505 16.287545 65.771792
2718 11.107162 16.677420 65.341756
2696 10.434224 15.667004 66.794209
2714 9.967359 14.966005 67.866075
2720 9.061019 13.605133 69.964260
2697 8.707950 13.075000 70.857641
2728 71.441345 20.786061 42.642431
730 72.903125 20.312500 43.215625
2726 72.241241 20.249704 42.863772
1990 64.150943 0.000000 67.924528
2011 62.817846 12.540708 56.037828
289 90.566038 0.000000 54.716981
2832 90.251198 3.566473 51.304361
2831 89.455789 3.117404 52.151585
1252 89.578125 7.812500 47.390625
961 81.275939 5.337482 42.415351
2698 17.048692 25.598636 55.336456
2102 11.100000 16.666667 11.100000
2158 10.669779 16.020690 11.315593
2159 10.157347 15.251272 10.929278
1098 10.090909 15.151515 10.090909
2454 9.453129 14.193887 26.947861
2452 9.094070 13.654759 26.470015
1991 67.197454 10.875132 55.515266
1241 9.433962 0.000000 95.283019
1471 11.147874 0.000000 91.540864
1248 15.618081 23.450572 33.654472
1339 9.244584 0.000000 12.032000
1933 33.928571 0.000000 16.964286
480 15.551268 23.350253 62.924751
1934 3.312916 0.000000 3.699047
1945 3.571429 0.000000 1.785714
505 12.495144 18.761478 69.224531
1464 83.353185 4.037831 43.021190
160 62.274345 0.000000 43.736058
1389 63.322731 0.000000 48.628171
2424 85.736883 7.951287 45.516220
2423 85.487902 8.067372 45.430386
2268 28.292256 0.000000 70.217101
2282 29.034852 0.000000 69.142422
972 11.593382 17.407481 67.132232
1992 65.107892 14.160280 53.271614
1993 63.439341 17.374701 50.888254
2001 66.198875 12.899478 53.988185
2160 34.465703 11.127831 20.938419
2002 74.987500 18.750000 43.737500
1986 75.916563 17.754971 43.870687
1473 78.461903 5.784517 41.157195
2756 78.816354 5.475158 41.231405
1042 81.980362 8.500847 43.820963
279 62.701428 0.000000 58.043506
1378 66.793965 16.209783 38.794840
752 54.391857 3.758979 28.447669
1936 58.928571 0.000000 29.464286
1935 57.142857 0.000000 28.571429
711 81.783738 4.809633 42.493477
2741 20.737814 31.137859 22.985726
2742 19.734790 29.631817 22.411238
271 1.669384 2.506583 61.276484
268 0.000000 0.000000 63.157895
18 5.436170 8.162418 71.971450
325 83.331349 4.399997 43.130873
1452 56.474793 24.546389 36.411344
2425 68.583741 20.514515 41.123204
1456 12.611931 18.936833 32.276220
534 80.224377 6.430331 42.253489
2727 78.630087 14.845719 44.258668
740 84.191506 8.547308 44.942007
679 13.126236 19.709064 39.451073
2211 88.890126 1.645388 44.992977
2196 87.587457 2.378563 44.585790
1994 38.617300 27.406995 53.256948
1997 37.277639 28.371302 52.961507
674 53.762283 27.612035 36.075949
2732 55.680145 26.570970 36.688206
750 56.781019 0.000000 33.407522
1923 60.714286 0.000000 30.357143
747 58.860970 0.000000 37.765623
2757 81.448459 4.816291 42.328054
2758 81.528276 4.803794 42.363801
2051 9.497577 14.260626 66.459664
403 48.682824 22.454500 31.818761
2644 48.056809 20.006607 30.690604
2645 46.633188 20.431235 30.120195
892 59.005846 10.978757 33.158849
2599 60.621650 9.117629 33.346995
2600 59.682513 9.417616 32.977322
820 73.804778 3.786131 38.163170
2309 60.656508 0.000000 35.139188
117 81.877822 5.058757 42.623477
2037 81.811589 5.131546 42.614599
2055 81.776473 5.106478 42.588694
929 79.722146 7.979983 42.518407
2455 27.031119 40.587265 30.192886
1113 28.254545 42.424242 28.254545
1407 13.373251 20.079956 67.023303
2056 68.229249 12.994453 38.441777
654 6.572994 9.869360 30.248498
2748 80.175274 5.248080 41.835248
767 79.678670 5.115694 41.542861
547 84.355355 9.843688 45.455626
295 88.383836 7.736600 46.768206
2759 81.187932 4.907517 42.228169
2317 77.543670 3.300671 39.870959
1441 87.396358 8.272549 46.452938
270 3.199792 4.804492 60.610663
497 3.540997 5.316812 53.971134
1959 11.835816 17.771496 62.665322
1960 12.392188 18.606890 62.179192
2015 13.476446 20.234903 60.856634
1996 13.004330 19.526021 61.185456
2713 13.076707 19.634695 61.665262
2296 76.932364 2.416935 39.271021
2809 18.002380 9.942701 12.312109
2024 65.547847 13.972696 37.426831
2078 67.595815 12.975356 38.118701
2373 48.670494 9.851853 65.803049
2040 7.927874 11.903715 70.347738
2058 8.378413 12.580199 67.808967
2162 51.441198 7.002551 28.052448
651 12.070591 18.124010 63.916799
591 12.536854 18.824105 64.140976
2544 77.270139 5.769695 40.556378
2609 76.905861 5.765584 40.372870
727 77.071875 17.187500 44.259375
1204 95.412486 1.284842 48.134095
918 12.924616 19.406330 18.903233
2247 17.810252 0.000000 85.322578
1014 61.561064 27.954772 40.089471
1011 62.481250 28.125000 40.606250
1048 48.241938 29.782725 34.038616
1897 46.428571 0.000000 23.214286
1938 44.642857 0.000000 22.321429
2532 58.337023 20.042594 35.842695
852 73.344704 9.039884 39.682633
2060 73.766372 9.471407 40.037165
1061 88.145910 6.890578 46.367518
529 5.776426 0.000000 10.450531
716 90.203390 5.918944 47.072703
614 42.802306 0.000000 63.175737
2272 41.514263 0.000000 55.521358
2276 42.571278 0.000000 56.422134
2269 40.151030 0.000000 58.439790
148 63.897344 0.000000 41.574361
2165 56.915798 7.746680 31.037543
2484 45.602045 28.874331 32.416174
1887 0.697144 1.046762 44.281179
1888 0.806776 1.211375 41.898368
1201 54.716981 0.000000 72.641509
771 52.830189 0.000000 73.584906
2374 53.886710 0.000000 67.339507
612 80.677314 5.253882 42.088200
990 79.731476 6.479265 42.023333
673 77.850795 12.609433 43.124339
2365 33.368917 0.000000 78.718186
834 86.803426 8.365361 46.187378
2320 69.640552 0.000000 40.635118
1330 80.704379 5.135708 42.062380
1980 20.575915 30.894767 54.051569
1998 19.594300 29.420871 55.056967
2166 52.763032 7.165576 28.767653
2456 28.477859 42.759547 30.028365
2500 29.263636 43.939394 29.263636
2433 30.063887 45.140972 31.948696
2264 52.590158 0.000000 51.558109
2625 52.412895 12.885960 30.497472
2641 50.272963 14.147096 29.847464
684 30.797526 27.835525 24.667993
2736 33.692792 21.424338 23.980701
76 8.244317 0.000000 8.715863
1901 10.052606 0.000000 8.724807
2167 78.593061 6.439037 41.440730
720 88.791681 6.545314 46.575430
2669 89.077435 6.439148 46.682954
358 28.628689 13.484550 18.804700
2168 25.576768 23.147032 20.496346
2321 82.019786 3.884551 42.303449
2761 81.303186 4.841813 42.263917
394 65.462474 0.000000 43.460971
2315 65.016662 0.000000 37.552342
2316 66.281496 0.000000 37.632511
2323 66.999774 0.000000 40.184955
2833 86.416137 6.190404 50.595337
17 11.564666 17.364363 30.293258
2457 12.531183 18.815591 30.124044
2458 11.836328 17.772265 29.186966
884 62.634535 26.126625 40.017433
615 43.396226 0.000000 78.301887
2371 42.938783 0.000000 71.713834
2459 11.026529 16.556350 29.115343
1211 10.504021 15.771803 29.973107
2324 68.507661 0.000000 39.057568
2325 67.752467 0.000000 39.814763
2426 74.476869 16.227778 42.642284
2533 86.208798 7.196391 45.500797
2518 86.382747 7.159221 45.575394
246 0.000000 0.000000 57.894737
2379 6.797289 3.702162 92.895491
2380 5.290241 4.890132 92.459857
592 47.400090 8.499266 67.792190
588 50.943396 0.000000 74.528302
2699 51.622097 28.889188 35.431148
0 80.846587 11.597546 44.285276
2064 81.105048 5.529284 42.393776
2479 42.247157 30.102510 31.147714
2066 43.583729 29.791626 31.712476
2502 42.998664 28.801847 31.090347
2559 78.865832 4.709971 41.001336
967 10.034784 15.067244 66.029381
1999 9.949487 14.939169 67.221371
1988 10.542368 15.829381 65.802059
1096 9.155941 13.747660 68.381715
2000 9.562243 14.357722 68.454790
1882 7.622167 11.444696 22.585173
1231 11.991536 18.005309 37.627921
1234 13.442782 20.184358 35.466605
2671 92.880275 4.007172 47.774526
909 79.084673 6.507441 41.709314
2172 79.299758 6.273859 41.739074
2173 78.969897 6.423050 41.623824
908 78.576240 6.721556 41.526398
2174 78.805603 6.439207 41.547057
2527 73.786943 15.315685 41.993595
1889 0.000000 0.000000 31.578947
914 1.223172 1.836594 55.584169
2514 85.523405 7.761340 45.346229
247 10.781435 0.000000 55.636642
2033 41.906259 32.259580 31.695570
2743 18.988863 28.511807 22.387706
372 8.892707 13.352412 77.893364
183 18.966028 28.477519 25.602258
2700 50.884022 28.408094 34.901907
2701 49.851501 29.000995 34.583082
123 5.965311 8.956923 21.604372
35 35.693657 0.000000 68.889928
2274 33.726242 0.000000 64.889560
1449 87.554427 7.774660 46.366175
2462 13.105562 19.678022 30.866874
1411 61.748521 22.320396 38.306953
2027 34.581444 40.604698 30.812087
2437 35.630413 41.533065 31.645717
2829 84.101991 4.549039 53.395416
2731 77.635706 6.510017 40.985689
2275 32.559574 0.000000 64.341172
2536 75.224864 14.633687 42.485450
2534 74.461332 15.190285 42.289031
1261 59.296117 25.522818 38.147157
2265 43.568992 0.000000 57.308032
2283 1.886792 0.000000 99.056604
1872 2.391762 0.412429 98.391277
742 61.527584 13.895635 35.391039
2182 61.014844 12.515683 34.675144
2692 7.361226 11.052892 19.372274
1943 89.455570 6.339795 46.838937
129 81.553318 5.067912 42.464274
589 81.565701 3.901163 42.081938
2560 81.188633 4.036890 41.938601
220 22.200000 33.333333 55.533333
801 77.809913 7.313020 41.340192
2361 51.078363 0.000000 65.807804
2382 51.824997 0.000000 67.310525
2375 52.460587 0.000000 68.611539
2649 9.052013 13.591610 22.846233
2230 6.571680 9.867387 43.188616
2228 6.892066 10.348448 41.482756
2702 17.552372 26.354913 54.483299
2358 44.693470 0.000000 68.924487
1891 0.375003 0.563067 33.692102
2032 40.007441 34.304563 31.427140
2439 39.236713 37.150358 31.989426
1937 80.102366 8.143029 51.797645
1921 79.156250 15.625000 44.781250
2623 28.826373 39.190326 27.463565
2624 27.245455 40.909091 27.245455
2105 26.859299 22.235683 20.834132
2226 3.540096 5.315459 48.335119
1965 87.765548 7.336365 46.325784
2326 64.101514 0.000000 37.467637
1376 13.332865 20.019318 14.519737
617 7.350005 11.036043 74.941990
2791 88.500398 7.152545 46.631996
2144 70.424929 9.561047 38.396293
2177 69.374307 9.583436 37.878438
2004 79.786416 14.524814 44.729971
2005 80.337420 13.958504 44.816892
1940 74.706627 0.000000 57.900060
1947 75.273177 0.000000 59.656453
902 81.527094 5.302252 42.529197
1982 73.185305 10.717336 52.679294
2562 81.015096 4.065044 41.861207
2561 80.775570 4.115589 41.758276
1987 80.837991 13.415546 44.886372
2006 81.734823 12.781501 45.123652
280 54.434138 10.764996 62.007170
2394 55.580472 5.330767 66.873666
2392 56.316510 6.064528 65.771152
2069 75.690896 8.473380 40.667084
2328 70.711957 0.000000 41.642884
2070 72.681217 9.986644 39.666161
2071 72.069253 10.533070 39.542139
2329 81.872373 3.844312 42.216342
2427 67.223508 21.183381 40.665820
195 78.096400 4.429741 40.523304
2313 78.725015 3.752121 40.611964
2330 78.148841 3.808918 40.342790
2277 39.073427 0.000000 60.500741
1084 81.170529 3.877369 41.876428
2331 81.431450 3.639427 41.927654
276 60.299516 0.000000 63.274279
772 8.479347 12.731752 70.355230
1989 8.403598 12.618015 71.076856
2009 8.836381 13.267839 69.985336
2840 76.166956 11.965300 49.939256
2010 75.249957 11.923702 50.439396
2628 7.954719 11.944023 21.203853
2278 21.333784 0.000000 81.942934
2256 22.488675 0.000000 81.036877
1892 7.168864 10.764059 72.583878
2012 63.172949 14.900727 53.497897
2213 82.755359 4.081851 42.736936
2372 41.825761 0.000000 73.984139
2386 40.888373 0.000000 73.490079
2563 78.667598 5.417999 41.137993
2545 78.157361 5.582327 40.937595
2013 63.133913 0.000000 64.047320
2014 61.923003 0.000000 64.151876
912 79.045453 6.789375 41.783588
671 52.666470 26.337127 35.103499
528 50.852496 26.394421 34.215590
1902 11.307190 0.000000 8.069108
1949 11.948747 0.000000 8.654389
709 81.768253 4.933190 42.526879
2703 20.688795 31.064257 50.528532
69 90.817179 3.749563 46.657194
2180 81.664243 5.007028 42.499462
2790 25.367480 13.611060 73.691589
2564 80.445734 4.215986 41.626790
2072 59.765359 15.772693 35.134986
2048 58.358409 16.826985 34.782591
2045 61.032378 15.854951 35.795888
2073 60.371981 15.855146 35.465754
2334 81.867388 3.777406 42.191570
2428 67.901589 20.876647 40.902718
2181 79.536342 6.182980 41.827103
2523 60.379549 23.677288 38.074311
2537 59.432050 24.264995 37.796268
2068 8.618702 12.940994 66.562681
2679 81.927277 4.994277 42.626733
2682 81.976470 5.000139 42.653281
1950 85.940497 9.702682 46.201242
1951 86.408472 9.307137 46.303513
2057 66.939832 12.947755 37.781519
739 59.406221 14.388393 34.494445
2183 60.309773 12.456691 34.302965
2050 81.444980 5.282583 42.481590
2075 81.364880 5.356724 42.466229
127 7.054177 10.591857 22.493572
2768 24.944229 12.087723 16.497326
2770 23.683141 14.245862 16.585443
1968 58.490566 0.000000 70.754717
2007 56.603774 0.000000 71.698113
2348 58.329775 0.000000 66.788656
2076 80.661104 5.827566 42.271131
29 7.540705 11.322380 71.360085
2388 43.929394 0.000000 70.293137
2074 74.999538 8.928494 40.472957
1335 75.471698 0.000000 62.264151
1948 76.078021 0.000000 59.178792
1898 48.214286 0.000000 24.107143
2796 81.961181 4.264097 42.400535
1893 1.107225 1.662500 51.230974
2429 85.241296 8.180454 45.344739
2281 3.531716 0.000000 86.235109
2565 80.103039 4.216045 41.455462
2566 80.297455 4.210557 41.550843
2652 49.438495 19.624189 31.254103
2530 55.557716 21.724925 35.013258
2124 59.371282 12.568262 33.870872
1340 13.162729 19.763858 62.262740
2762 81.371491 4.829141 42.293849
2672 98.214286 0.000000 49.107143
2034 78.413731 7.130431 41.581299
2063 30.272727 45.454545 30.272727
2658 88.462032 6.798447 46.494899
2279 55.407559 0.000000 38.487791
2017 71.174852 11.599201 52.801774
1969 60.377358 0.000000 69.811321
2744 35.742967 19.807287 24.467310
2187 42.478233 9.344048 24.350685
2176 32.708379 13.135837 20.728423
199 77.185313 4.146859 39.973560
2335 77.923060 3.594463 40.158486
2079 74.515762 9.081271 40.281944
2336 62.976505 2.226326 32.229619
2766 21.412121 13.497042 15.200575
2390 55.053914 0.000000 67.130191
2772 9.594953 5.713425 6.700047
2704 7.026872 10.550860 74.944272
1890 6.868535 10.313116 74.860375
2043 31.767380 43.823453 30.476900
2451 30.611714 42.681285 29.518725
526 50.481760 16.814117 30.839981
1878 7.986717 11.992068 70.887530
2189 20.388593 30.613502 20.921579
2080 81.283097 5.399845 42.439697
2169 76.801615 5.245213 40.147463
2602 76.725173 5.676916 40.253000
935 75.878400 3.726682 39.180185
2065 81.198277 5.443715 42.411895
890 56.670335 10.743656 31.912805
2110 58.997261 8.154244 32.213994
2171 58.247427 7.571843 31.645137
2161 60.192804 8.096019 32.792376
2570 58.909752 9.478058 32.611069
2185 74.152612 8.068233 39.763028
2192 67.558878 10.154531 37.160898
2605 67.852199 5.179809 35.650976
2606 68.220646 5.573280 35.966225
2592 69.788046 7.197507 37.290793
2191 68.145889 10.305533 37.504687
2113 73.035932 8.349796 39.298448
2572 76.021035 4.732690 39.586503
2179 73.134052 5.653501 38.449642
2610 73.521935 6.175628 38.817451
2111 75.178839 5.430261 39.397697
2547 74.289831 6.208355 39.212298
2633 54.284707 11.895674 31.103613
2740 37.422643 18.909980 25.008345
2685 37.797109 25.263506 27.311302
2551 63.246191 8.252172 34.371069
2621 62.321878 8.580491 34.018243
2132 64.038231 6.752009 34.267534
2554 72.142485 6.733862 38.313618
2614 72.922118 6.443549 38.606761
2137 71.879592 6.050089 37.954476
1995 74.833715 8.590707 53.983844
2112 75.963173 5.455697 39.798334
2576 76.640372 4.860361 39.938686
1875 3.773585 0.000000 98.113208
2284 2.608978 1.203638 97.490669
2285 3.689454 0.858508 97.295906
2290 3.505651 0.000000 93.313403
2292 4.559273 0.706996 97.012660
1952 2.623857 3.939725 2.886685
1953 2.341285 1.116427 1.542413
2338 82.017919 4.281246 42.434614
2081 7.789609 11.696110 71.271453
2082 8.208455 12.325008 70.608318
2084 8.568564 12.865711 69.588693
2085 8.694569 13.054909 68.878521
2086 8.862719 13.307387 68.318720
2087 8.226309 12.351815 68.760111
2464 7.329456 11.005189 22.232666
632 7.703141 11.566278 72.490459
2805 20.820664 10.702240 13.974178
1906 88.898136 6.802359 46.714253
2792 88.604392 6.989404 46.629667
2806 15.005431 6.999752 9.833633
2807 16.875918 11.783173 12.361756
2808 16.024558 10.756337 11.594139
2812 19.884708 12.741429 14.185250
2810 19.125959 12.990748 13.888899
2773 4.036364 6.060606 4.036364
1927 6.206015 9.318341 6.597973
2816 5.418458 4.407909 4.177063
2817 6.070617 5.462678 4.854380
1930 9.081818 13.636364 9.081818
1942 7.415168 11.133886 7.618144
2820 7.127188 6.034412 5.573053
2819 7.610491 7.292774 6.233739
2776 8.072727 12.121212 8.072727
2777 7.063636 10.606061 7.063636
1876 2.018182 3.030303 2.018182
2778 3.027273 4.545455 3.027273
2813 3.322010 1.036683 2.006220
2793 88.522164 7.090002 46.622053
1981 13.935680 20.924445 60.575314
2008 11.493077 17.256872 63.922965
2717 11.427370 17.158214 64.674297
2719 11.739621 17.627059 63.943326
2707 12.663322 19.013997 62.356219
1971 17.491011 26.262779 57.143410
2393 59.374304 0.000000 67.657243
2018 61.216007 0.000000 66.526350
2709 7.821778 11.744411 73.400820
2712 8.291172 12.449207 71.695614
2715 9.688031 14.546593 68.747201
2716 9.402207 14.117428 69.236063
2016 9.210431 13.829476 69.276316
2384 54.967466 4.493544 68.018229
2706 11.967447 17.969139 63.259245
2721 9.244797 13.881077 69.635729
2466 48.937965 24.281956 32.554874
2465 49.085015 26.895030 33.498552
2495 35.949845 37.026225 30.304656
2494 36.824810 36.259034 30.486663
2044 33.158778 42.292934 30.662936
2472 34.277388 42.684228 31.352542
2471 34.714460 38.344538 30.125961
2473 33.437867 40.149895 30.088848
2475 52.242319 21.577324 33.306408
2474 51.866646 24.026780 33.934241
2477 40.963536 34.820104 32.076862
2481 43.377648 31.624582 32.219810
2480 42.456876 33.486443 32.379423
2497 44.124069 27.340985 31.166582
2498 45.351188 26.009466 31.336746
2485 46.509556 25.226175 31.655094
2061 45.229812 27.663641 31.826899
2490 33.654492 43.777596 31.405186
2489 32.054505 41.660995 29.900364
2491 32.677160 40.722226 29.899081
2493 37.795543 34.564818 30.407856
2496 36.755133 40.207927 31.766806
2499 44.671392 29.782972 32.253426
2503 44.114829 30.756889 32.299458
2567 77.702869 5.717777 40.755454
1475 22.200000 33.333333 22.200000
2571 60.324312 6.694606 32.391460
2569 59.638935 6.341278 31.931113
2573 75.145212 6.047017 39.586262
2575 75.664883 6.116284 39.869164
2577 76.290258 5.758055 40.062561
2824 13.160468 13.076030 10.934552
2579 64.422715 7.555684 34.727401
2578 64.775089 5.272113 34.143158
2581 65.990603 4.853433 34.611495
2582 66.377839 5.460311 35.007203
2150 70.779715 6.433748 37.532296
2584 71.183364 6.952416 37.906836
2585 72.536023 5.026307 37.941772
2613 73.434288 4.780596 38.309083
2170 67.255331 6.278159 35.718293
2587 66.250007 7.513136 35.626878
2588 65.481669 7.650731 35.288528
2607 67.234673 7.162938 36.002595
2589 67.019741 5.515587 35.346561
2163 50.120710 6.815315 27.329855
2590 70.269246 7.451969 37.616129
2595 70.537351 5.434440 37.078344
2184 68.097027 6.413935 36.184354
2596 68.952178 5.686844 36.369808
2594 69.852046 5.467384 36.746662
2186 61.632441 7.340830 33.260717
2619 61.769549 8.518124 33.721310
2601 61.181699 6.469150 32.745077
2603 77.230723 4.721346 40.187570
2604 77.429916 4.924555 40.354835
2608 77.689154 4.906913 40.478579
2611 74.262302 4.656446 38.681747
2615 67.578206 7.284080 36.214702
2616 68.633705 5.533712 36.159578
2617 62.148073 5.801956 33.006088
2618 62.688285 6.185692 33.403978
2209 84.118354 3.628905 43.267602
2231 6.110752 9.175303 24.310343
2287 7.612600 0.000000 94.031612
2763 62.142111 0.000000 40.041210
2318 77.163053 2.931782 39.557810
2794 79.623466 3.978437 41.136552
2795 79.373193 4.002697 41.019495
2460 11.422137 17.150355 29.128402
2486 47.485491 24.802446 32.001960
2521 84.532176 8.272728 45.020907
2642 49.524548 13.621066 29.298089
2661 96.428571 0.000000 48.214286
2804 98.454687 0.000000 49.869788
2708 12.273387 18.428509 62.927863
2825 13.518305 12.611714 10.958853
2774 5.045455 7.575758 5.045455
2775 6.054545 9.090909 6.054545
2818 6.691769 6.238812 5.423409
2780 11.163891 11.668382 9.467517
2782 14.127273 21.212121 14.127273
2814 14.285479 16.158707 12.523589
2811 18.481435 12.172756 13.294245
2835 87.226670 4.943362 51.438360
