236 9.514286 14.285714 80.942857
2582 11.892857 17.857143 76.178571
2585 9.036355 13.568100 78.476654
141 49.084501 20.646747 54.790355
729 49.094864 19.123032 56.310413
503 51.186194 19.435751 54.951717
216 30.879883 41.783457 42.734818
330 30.921429 46.428571 38.064286
674 28.542857 42.857143 42.828571
111 57.473582 28.129410 43.105669
636 57.614051 27.384792 43.780798
398 58.669942 27.249264 43.388516
62 74.124554 17.034067 45.886621
457 76.800000 17.391304 44.191304
470 73.900000 19.565217 43.465217
140 66.885273 2.491601 64.063270
602 66.666667 0.000000 66.666667
2176 75.000000 0.000000 62.500000
706 78.367763 11.870564 48.933684
2667 75.200597 13.860271 48.525570
2666 73.013418 13.835250 49.644206
2550 72.186634 15.370035 48.521279
2571 75.638256 14.746259 47.419867
2665 73.562880 16.008889 47.193662
262 67.787412 16.990222 49.099082
2653 69.077569 15.098995 50.347121
343 38.715064 26.295931 28.114077
626 39.522568 27.817704 29.024580
2006 41.018442 26.205336 29.235598
175 16.261094 10.608782 11.663271
346 20.469543 10.664128 13.785926
1751 16.895237 9.020698 11.451511
160 74.316907 17.676848 43.044844
569 71.589776 18.344948 41.903756
588 71.234454 19.898853 42.243545
128 59.129773 25.990989 44.418134
2081 58.795448 26.412747 44.163117
397 58.307542 26.430690 44.389108
99 46.508580 27.934336 48.783439
2301 46.203702 26.672458 50.199019
375 47.744351 26.355083 49.746386
77 34.574702 18.779852 23.541042
662 32.652207 19.797121 22.918545
709 35.674181 20.582999 24.691230
270 55.055508 6.453052 29.676620
510 56.676654 7.734065 30.913771
1917 59.460867 6.503521 31.896106
82 21.136017 31.735761 43.624898
2030 19.626646 29.469438 42.440841
570 19.279538 28.948255 47.133694
91 63.039477 21.321266 38.619720
455 64.569348 22.256859 39.696208
2298 66.128826 19.879374 39.684245
72 10.075882 15.128951 13.378553
733 8.880000 13.333333 8.880000
445 8.517052 12.788367 15.356839
101 51.092528 23.415193 51.015127
412 49.677838 23.922222 51.214937
653 50.021299 23.244958 51.721148
181 33.965550 16.080088 22.337444
424 29.195886 15.258682 19.679084
394 31.613668 17.836235 21.746300
251 42.000000 43.478261 35.478261
2682 44.900000 41.304348 36.204348
1632 42.945288 41.517689 35.298035
331 71.989369 1.712303 36.564882
2215 75.626815 1.870121 38.436158
717 77.037181 0.954991 38.836603
1529 49.413468 24.659915 50.608692
2003 48.558645 24.410870 51.285397
155 36.757486 11.734419 22.286305
565 33.181256 12.801058 20.853380
453 36.041073 14.108148 22.718550
448 66.673927 10.432675 36.811045
2702 69.882549 9.831165 38.215052
2703 68.874383 9.592886 37.631623
104 34.000105 5.158854 18.717951
2050 30.484668 3.908396 16.543830
421 27.056415 4.797979 15.125935
127 42.585070 22.603386 28.819462
528 44.555553 20.937547 29.249979
345 41.055998 20.490773 27.351427
187 15.501420 23.275405 30.680527
461 15.199469 22.822025 35.675239
597 16.986214 25.504825 33.637803
348 73.252574 14.932283 41.598737
423 73.911626 16.328728 42.393279
2676 75.935057 14.699354 42.862413
17 17.974910 2.579163 9.846316
309 25.892550 3.123569 13.986424
1464 23.790868 1.626403 12.437026
55 6.773272 6.454100 5.535851
289 6.660000 10.000000 6.660000
501 11.568947 10.113708 9.152338
220 60.323978 21.550278 37.338231
2162 58.690358 23.041608 37.018035
323 60.372967 23.299141 37.945098
2475 45.071557 28.570690 48.864961
2500 44.872347 28.205090 49.330531
12 58.984952 24.707080 45.775737
442 57.850167 24.384852 46.665680
666 59.545511 23.865851 46.337527
657 53.767831 24.382037 48.709666
2626 54.548715 24.330852 48.370460
686 54.226740 24.702066 48.159862
502 36.200000 47.826087 34.026087
2679 39.100000 45.652174 34.752174
167 63.771117 25.892767 42.195781
399 62.486605 25.380780 43.350537
372 65.640064 23.484473 43.672010
242 32.737587 16.709738 66.904759
598 25.844144 16.833950 70.227145
511 29.586150 12.278381 72.916266
172 49.619193 0.000000 56.988579
730 52.900609 0.000000 61.376564
702 44.467068 0.000000 64.616636
15 45.374266 32.336403 44.944127
406 44.110156 35.964950 41.944007
400 41.622686 33.851023 45.303783
276 35.980831 27.165992 54.816427
481 40.226969 27.403242 52.455870
2477 37.721343 29.226794 51.883308
1795 32.365357 14.209079 20.914302
267 78.054804 3.975980 40.351403
487 77.119113 2.639419 39.438483
516 71.014783 4.157323 36.891780
66 51.652176 25.373472 48.775066
498 50.532535 25.502073 49.206157
493 51.726579 24.682629 49.429399
70 78.893736 8.951059 42.427570
377 82.814427 8.566031 44.259702
680 84.906404 6.720343 44.691076
86 31.474476 24.793466 59.444502
629 35.808758 23.607602 58.464411
1995 33.753687 25.848923 57.248385
296 10.836031 16.270316 45.413497
2263 8.265307 12.410371 48.131991
404 8.552957 12.842278 57.713616
54 44.815960 19.091772 28.765540
668 47.664181 18.612673 30.030111
354 46.779686 17.719401 29.290403
41 27.951990 41.969954 38.252935
582 25.455575 38.221584 37.338543
508 25.439884 38.198025 42.480022
478 23.943414 27.566360 60.434366
1603 23.702267 31.173476 56.944217
2597 22.020349 29.863530 59.096432
107 5.349828 0.000000 20.300379
386 9.995778 0.000000 30.142095
315 0.000000 0.000000 40.000000
25 35.213525 42.948561 31.908633
731 34.145857 39.629123 30.269427
488 32.348521 43.751367 30.743466
137 12.910774 19.385547 38.208697
575 13.221116 19.851525 43.502390
689 15.091402 22.659763 41.406383
26 38.024819 24.272688 27.095215
2306 40.158472 25.023705 28.412130
446 40.645934 23.810882 28.251990
79 56.729479 23.330308 48.281623
566 57.407823 23.665999 47.606423
714 56.454402 23.846417 47.902536
180 22.469089 20.329574 18.004293
1974 19.308462 20.682401 16.541471
581 22.104761 22.566551 18.567042
623 78.465586 14.532038 44.071962
2670 79.700000 15.217391 44.917391
2552 82.600000 13.043478 45.643478
2554 83.542781 11.457447 45.586720
2553 78.510406 14.382292 46.348123
2672 77.981036 13.439905 47.556137
621 71.000000 21.739130 42.739130
206 45.351249 25.857068 51.441450
382 44.529692 27.471541 50.236142
84 52.715849 23.092215 34.047632
376 51.031198 25.195881 33.905827
2677 53.349030 23.738538 34.579448
248 30.215157 0.000000 80.862195
724 29.940042 0.000000 76.310025
405 39.202305 0.000000 74.456281
353 50.352968 15.821241 30.444957
1805 49.001503 14.963195 29.483495
2303 47.670776 16.419657 29.303134
188 23.704739 35.592701 28.006775
518 21.967382 32.984057 29.510097
600 23.528109 35.327492 31.521951
48 46.228718 23.605987 30.975153
269 49.217491 22.397101 32.066980
590 47.224483 22.047833 30.954170
173 28.093206 35.470267 25.858202
589 27.937379 32.669176 24.847525
2598 27.306161 34.860760 25.261713
3 39.585849 14.755314 24.706444
634 40.264791 16.473776 25.618163
466 43.238443 15.015377 26.619342
95 15.839370 23.782838 60.305647
552 12.225280 18.356276 60.421305
2583 13.259842 19.909672 65.986071
2584 15.347395 23.044137 65.592914
250 55.757066 11.752593 31.792146
606 56.473338 10.458803 31.719450
420 51.996006 11.590229 29.857549
117 49.748292 17.298944 30.634695
143 52.532887 26.277338 47.429941
659 53.315577 26.563771 46.751877
320 52.198232 27.316834 46.556733
735 37.355306 15.827046 23.948059
28 21.785886 32.711540 33.126082
2296 21.598843 32.430695 35.796932
415 23.195565 34.828176 35.742190
49 20.202649 0.000000 25.136773
452 21.262162 0.000000 37.832494
2439 13.590162 0.000000 36.362355
100 22.712558 25.014735 19.686186
303 19.368393 23.063517 17.364348
456 19.861049 25.613134 18.459698
34 46.619209 37.310678 35.734060
254 45.815211 35.316763 34.668088
459 43.528964 38.685377 34.646713
235 44.638358 27.795313 31.575018
318 43.808168 26.073011 30.586397
703 42.667704 28.043111 30.672208
2558 81.273463 11.969431 44.622552
245 42.388103 24.533689 29.363770
671 44.154175 23.513205 29.906985
684 31.750681 27.828631 56.268199
469 76.066714 3.478674 58.484490
441 49.244592 27.231357 33.690338
2531 50.782968 26.830501 34.326041
129 52.136822 26.226916 34.801974
2532 51.446767 27.250448 34.797783
71 42.645597 35.291453 33.074853
556 43.579104 32.807222 32.714357
363 41.037852 33.764275 31.762430
118 54.760083 23.928117 48.667914
426 53.917849 23.594259 49.423222
2627 54.999570 23.463251 49.013501
50 28.388017 22.697821 21.752383
379 26.181616 25.204620 21.483946
492 29.494655 25.262679 23.159799
149 36.953019 28.180055 27.860468
473 34.436941 29.466278 27.030741
649 36.321249 30.590245 28.347176
2186 37.588568 9.792575 22.055212
579 33.484059 9.762616 19.992981
174 74.432084 8.136170 39.925387
389 80.843284 6.669733 42.642663
635 76.210003 6.877617 40.395248
108 33.788417 0.000000 67.912446
395 22.894221 0.000000 75.607866
543 22.477592 27.119770 20.269679
176 23.008235 22.095648 66.378139
2478 21.138290 24.332197 65.074325
433 18.099656 19.450823 71.479899
349 43.999221 17.173955 27.718537
1643 42.590460 18.777391 27.548101
497 17.217661 25.852344 29.470458
520 26.712026 7.344781 79.291862
2608 19.827083 8.659239 81.418560
419 16.948324 5.003886 86.516948
47 21.424460 12.498272 76.777000
2470 14.043138 9.549794 83.419087
1790 26.240134 0.000000 66.472493
74 17.631326 26.473463 26.157753
574 18.858710 28.316381 28.724736
2235 18.994246 28.519889 25.931770
644 39.921846 36.299304 32.048591
305 35.589244 37.610085 30.318780
601 37.251717 38.440802 31.426646
197 11.592194 13.203610 10.192899
132 61.508260 7.508652 33.254511
2603 58.801172 8.344428 32.179281
1721 60.350516 9.228193 33.248246
183 58.733651 21.976620 48.634578
2683 58.808971 21.517779 49.056218
463 59.932165 21.192472 48.820253
119 46.142989 15.541209 28.246717
1722 46.805003 14.133861 28.109077
212 14.262132 21.414613 45.354349
587 14.416230 21.645991 49.036603
2277 15.576675 23.388401 45.697345
213 18.450587 27.703584 21.118323
571 17.760000 26.666667 17.760000
364 16.407976 24.636601 20.548054
449 48.282290 24.224035 32.207749
258 45.819371 32.603750 33.766734
1877 45.302252 31.036795 32.986379
151 38.699792 35.583157 31.199087
68 32.175370 34.754965 49.122595
627 33.455266 38.243479 44.990644
332 26.164286 39.285714 47.592857
16 39.186538 0.000000 50.403050
2688 45.981682 0.000000 47.806751
1374 46.752582 0.000000 51.774471
219 49.836512 4.917621 26.555824
351 49.731362 6.258939 26.949907
577 53.705356 5.379080 28.643912
22 48.139391 25.213058 50.692033
485 49.250741 25.484590 49.864555
2304 46.651713 5.490473 25.154184
291 56.648711 22.658045 48.994941
2183 57.716036 22.572762 48.546647
2479 0.000000 0.000000 30.000000
2480 0.000000 0.000000 20.000000
572 1.900001 2.852854 40.621567
2482 1.186260 1.781172 34.936986
361 25.040696 27.716555 21.749961
88 7.846724 11.781868 39.047831
310 5.604531 8.415211 31.684823
693 4.484359 6.733272 40.071380
5 57.465183 26.557697 44.683154
274 57.209199 25.981091 45.388329
551 58.307434 25.941739 44.878602
142 87.234661 7.581583 46.141998
675 82.141691 9.996983 44.399841
458 85.017638 9.634517 45.717113
237 50.743299 30.832269 43.765249
321 52.654777 29.446523 44.196642
1873 52.592016 30.244882 43.428865
719 20.505720 13.438404 14.727849
316 49.988095 0.000000 34.835060
366 52.510481 0.000000 45.311798
2269 45.477124 0.000000 43.737684
164 56.337999 25.484145 46.321371
2637 55.612648 25.168149 47.000359
226 56.361163 24.636194 47.158588
2 54.822968 25.165621 47.397730
2638 55.559246 24.820288 47.375268
42 49.857862 27.393382 47.650294
632 51.241809 27.001828 47.350265
2211 50.729057 27.727251 46.880493
555 91.300000 6.521739 47.821739
96 52.854178 28.187632 45.357091
2159 51.329971 29.320471 44.985223
438 50.982053 28.451541 46.028981
255 52.567242 19.684317 54.012378
708 52.811795 20.381489 53.192232
725 51.258346 20.431276 53.919120
116 16.654271 25.006413 49.384994
322 14.708376 22.084648 54.315627
223 30.197008 31.410388 25.558163
2631 30.063148 32.717204 25.926403
690 45.282989 4.610338 24.176737
78 37.975165 44.267778 36.700372
1996 34.742434 46.124962 36.457696
205 8.333333 0.000000 95.833333
559 9.020908 0.000000 90.491681
505 16.666667 0.000000 91.666667
126 25.310496 38.003748 33.201951
392 27.427275 41.182095 34.320262
374 27.051862 40.618411 30.744149
63 51.725883 18.043133 56.075882
507 53.386325 18.685999 54.602152
564 64.687975 15.328336 52.312349
2656 66.555453 16.093746 50.612433
194 76.923077 0.000000 38.461538
2221 70.945767 0.938569 35.785427
51 43.142620 26.556878 51.845255
1525 42.136259 25.500861 53.405508
383 49.975893 9.187272 28.047308
604 46.832921 10.357290 26.865438
639 50.176208 10.465255 28.573034
225 56.226226 17.938340 34.086580
1984 54.292538 18.507931 33.309410
356 55.466639 19.151876 34.110894
260 50.290626 13.425522 29.616012
300 50.891008 26.294337 48.233865
81 32.958605 34.201907 27.868537
214 33.897200 31.768985 27.527672
454 31.628191 32.480695 26.630167
1955 60.445785 2.898378 66.875831
407 58.333333 0.000000 70.833333
2481 24.326798 24.356423 63.455822
312 73.960787 10.054050 52.955503
512 70.234526 12.976384 51.893377
391 66.450572 6.985841 35.551571
272 64.838605 5.718975 34.323721
286 74.517562 6.492144 39.420665
701 74.762577 5.613754 39.250669
718 70.358146 6.879315 37.469885
85 46.153846 0.000000 23.076923
2377 53.846154 0.000000 26.923077
59 29.443019 12.797417 18.983050
2250 24.974122 12.989807 16.812667
46 62.387936 0.000000 61.425249
2691 56.343199 0.000000 64.410851
2692 57.886365 0.000000 59.970163
261 50.207752 0.000000 68.448944
23 51.533502 7.739845 28.344119
622 53.708010 8.682159 29.745164
52 57.487635 21.297402 49.937483
434 58.756371 21.034704 49.566077
669 57.813696 21.867322 49.203963
429 49.341311 33.242015 35.740247
738 48.024494 32.494286 34.832845
295 39.129110 20.648851 59.765945
2026 34.054871 20.267811 62.684486
740 38.338913 17.659595 63.153289
266 63.917606 21.652336 46.367208
722 62.107812 22.047393 46.876653
2384 63.474870 20.737347 47.504481
103 18.538930 7.557422 11.786087
253 32.180520 21.939727 23.396189
440 35.272351 22.973100 25.286218
1512 50.469118 23.587423 33.089171
2173 49.576144 24.641540 32.993705
2654 64.668856 16.957433 50.691182
10 60.372503 26.674418 43.112656
1652 61.860276 26.414242 42.629206
396 60.810877 27.709004 41.857848
169 55.337851 22.820835 49.487419
393 54.040610 22.654841 50.302199
409 55.463008 22.018401 50.228076
271 56.891150 27.240828 44.286356
7 56.338216 26.869339 44.934683
2542 46.229186 25.037148 31.451963
1816 46.313854 26.242612 31.895717
2543 47.588953 25.271630 32.209930
0 0.000000 0.000000 70.000000
432 0.000000 0.000000 60.000000
720 8.271743 0.000000 58.632328
732 39.718825 0.000000 40.331759
2236 41.296963 0.000000 30.489776
268 100.000000 0.000000 50.000000
721 86.029866 1.789198 43.610736
1584 86.574910 2.910837 44.256764
2203 33.034121 23.862335 24.463218
35 56.795729 24.480200 36.549771
711 57.268759 22.836815 36.239039
98 79.969128 5.166134 41.704887
387 69.806888 18.905193 46.172458
60 54.157412 29.618119 43.273557
612 54.251788 28.475764 44.369866
2111 52.100085 23.514232 50.412212
307 51.380367 24.075164 50.210577
340 45.222524 22.316663 30.042711
365 61.984505 13.150914 35.371507
550 61.857424 14.118017 35.630011
2415 64.254242 12.881628 36.416703
713 0.000000 0.000000 10.000000
2505 4.355986 0.000000 9.036459
45 15.540000 23.333333 15.540000
178 32.162511 0.000000 34.974366
1836 25.624746 0.000000 42.873342
148 52.173213 22.166610 51.724617
293 52.504366 22.863262 50.861691
726 51.684662 22.795980 51.338892
298 50.293232 15.317471 59.520596
1756 46.195189 16.726705 60.158974
2398 46.092386 14.085695 62.854026
369 54.830359 27.293812 45.263715
1493 55.689676 27.742361 44.385059
230 27.354717 30.580346 55.711716
1954 28.011223 26.426119 59.541844
352 55.440205 24.311190 47.944396
2559 56.129257 23.800498 48.111073
672 46.884639 25.744260 50.787676
2556 56.565245 24.124089 47.569164
31 12.290685 18.454483 52.338278
373 55.750710 23.343106 48.758196
1704 55.892942 23.714078 48.315737
2628 55.415059 23.785286 48.483399
716 50.403066 24.166874 50.607427
57 60.129185 15.594146 35.257443
443 58.655813 14.739957 34.236312
527 56.921890 16.685968 34.017372
232 46.312472 18.869359 57.955536
519 46.923024 20.312439 56.205736
238 33.300000 50.000000 33.300000
408 36.473694 44.682408 33.116089
67 32.580872 28.403323 25.748743
483 30.953501 27.077539 24.493571
616 30.238791 29.333119 24.887324
36 53.014346 23.307355 50.162164
1745 52.508818 23.910183 49.811498
2587 7.590801 11.397599 66.755303
2586 9.544659 14.331319 66.143304
198 55.289166 15.729960 32.882660
592 52.597614 15.986729 31.622388
357 53.262474 17.510323 32.462175
325 17.459339 26.215223 43.304395
1 54.496620 20.436940 52.294313
628 55.298684 21.009783 51.319865
390 53.785679 21.467250 51.618443
514 0.000000 0.000000 100.000000
692 4.440000 6.666667 4.440000
75 59.225308 5.102862 31.311907
185 68.600387 21.072622 44.606112
2648 29.151369 30.785002 24.827090
195 4.581646 6.879348 11.901762
723 2.989828 4.489231 15.574737
489 5.332334 8.006508 21.985962
728 6.389978 9.594561 16.265130
2367 6.117735 9.185789 10.924746
166 13.983111 20.995662 19.835632
625 13.597965 20.417365 24.251692
292 15.688809 23.556770 25.348122
8 47.458922 29.235771 33.464973
290 50.055461 28.247905 34.434283
43 38.409181 31.292295 29.624925
341 35.875048 33.397652 29.058942
585 38.579700 33.559717 30.465235
637 29.924917 44.932308 34.485925
677 54.949772 17.078377 55.429658
165 40.490660 18.353061 26.356899
358 34.706142 27.377929 26.469921
643 34.666265 25.253877 25.742674
2065 32.986690 26.687943 25.380430
618 42.679532 18.523083 60.118628
313 56.669259 8.906801 31.300594
193 81.588903 2.012871 57.190664
285 61.541537 3.283050 31.864024
705 66.471346 1.962900 33.889319
650 60.462805 2.007328 30.899843
161 28.393326 27.451120 23.337886
500 28.232297 29.727328 24.015349
608 36.613062 26.276096 27.056471
257 53.916804 20.519988 33.791558
1808 53.459939 19.596579 33.255630
61 5.733637 8.609065 85.073492
2588 7.546490 11.331066 78.152665
381 10.494505 15.757515 72.035683
2184 40.073204 22.620940 27.569375
20 12.613517 18.939215 27.382827
655 14.219680 21.350871 27.935785
317 46.599007 10.159767 66.530569
436 45.480040 4.783102 72.472095
614 53.407665 7.277229 66.011662
465 47.088362 7.527744 26.050920
2192 48.498726 8.335681 27.025145
244 38.580426 1.294769 19.721371
525 38.461538 0.000000 19.230769
294 30.769231 0.000000 15.384615
29 43.645108 21.100129 57.056216
153 61.179996 24.871214 38.872112
297 60.911436 26.998641 39.446265
476 64.664129 24.360045 40.443960
139 69.865737 2.834935 35.876902
529 65.297194 4.219429 34.053667
273 2.501653 3.756236 76.658432
687 2.570881 3.860182 67.578043
663 0.000000 0.000000 80.000000
496 42.371526 37.832030 33.783829
342 35.318377 3.755670 18.909827
2095 30.155892 2.705906 15.979013
284 39.974272 38.416830 32.779940
40 62.110946 17.170968 51.756388
1817 54.193552 19.487069 53.396668
593 53.964836 25.675382 35.532320
203 54.894606 26.694937 36.336717
2506 9.622384 1.619615 5.350524
347 12.822317 3.899298 7.709625
4 16.884559 0.000000 84.321273
563 12.240891 0.000000 81.128813
428 84.615385 0.000000 42.307692
633 73.354205 0.000000 41.720554
115 69.909854 17.786896 40.877963
2243 36.707843 35.851690 30.292534
278 72.455095 0.000000 48.548467
737 31.024797 23.817922 23.443767
113 50.567535 30.860385 35.560275
32 52.746654 14.437678 31.181074
418 56.111079 14.334552 32.828945
678 56.062704 13.005624 32.362225
246 55.282386 22.425101 35.108751
685 58.153413 21.282747 36.163861
344 84.952015 4.239361 53.280392
11 61.201800 21.547411 47.830141
664 60.383848 22.524769 47.260782
642 59.596313 22.146665 48.033032
425 19.344219 18.188315 15.728819
112 66.137192 19.029159 47.883215
2657 68.689449 17.993733 47.643549
2652 71.026303 17.050356 47.419442
2632 48.498832 37.329672 36.680197
2130 50.909121 34.428607 36.919287
304 38.535437 6.818748 21.538362
560 40.334758 8.657772 23.050417
707 43.120857 7.639377 24.104341
228 38.054201 21.926971 26.328782
2643 38.224651 20.621328 25.979228
1723 67.739873 11.340773 54.777950
249 41.928506 10.509921 24.464057
696 45.128290 11.744754 26.475148
2589 5.444615 8.175097 81.390172
215 54.890194 3.437231 69.114234
699 50.000000 0.000000 75.000000
2619 15.447123 7.363534 84.905541
2610 15.655128 13.837427 78.321172
24 19.437973 15.670587 14.937292
531 15.528484 15.944662 13.073814
56 17.010313 25.541011 38.102264
259 18.976525 28.493281 38.965247
2225 51.991739 21.973764 33.313133
567 8.078026 3.318683 92.638986
2625 6.545922 5.068546 91.653424
2623 2.378571 3.571429 95.235714
700 59.088957 16.887329 35.167959
2685 57.547516 17.427052 34.576966
168 53.684740 9.842810 30.120026
2644 56.794463 9.609152 31.597079
138 49.415547 29.684388 45.578154
619 48.135349 31.223132 44.677971
120 59.726008 12.971866 34.182635
337 58.011886 25.572559 37.521605
311 60.940603 19.449692 36.947049
607 62.122242 17.719736 36.961793
660 59.726240 18.556233 36.042346
308 9.810859 0.000000 47.832934
282 15.384615 0.000000 7.692308
2507 8.737793 0.000000 11.035762
462 7.692308 0.000000 3.846154
536 25.204590 37.844729 29.544612
594 48.579044 30.448518 34.428879
2031 51.337630 28.866321 35.281300
157 21.307749 28.480784 20.137976
2433 22.267575 30.950350 21.440254
513 23.342121 30.241928 21.741623
280 24.508007 32.695704 23.141673
2485 35.014072 29.587323 52.876054
2497 33.685083 28.913504 54.215041
583 40.247480 22.734885 57.118640
2360 62.749979 22.735223 45.867053
682 24.816265 22.490081 19.897329
2426 23.953800 23.818997 19.908626
102 59.400000 30.434783 39.834783
1579 58.343591 29.633533 41.165038
2033 60.213617 29.009547 40.854635
499 32.152526 6.635041 18.285732
480 41.084135 0.000000 58.517001
676 66.170331 20.591196 46.303047
2612 29.625462 19.544466 65.623258
367 24.420000 36.666667 24.420000
673 22.116019 33.207235 25.891145
13 64.022860 1.001217 32.344835
207 61.538462 0.000000 30.769231
360 55.488009 1.098506 28.109807
370 44.183882 25.127377 52.755555
2056 45.529703 24.803333 52.407012
2218 56.277811 27.349825 37.246397
617 58.550209 26.740039 38.179538
591 75.076965 9.067050 40.557810
135 64.794295 13.306723 54.282823
464 62.249731 11.733011 57.130391
679 38.975981 13.674224 66.824111
199 38.741878 37.445572 43.146044
451 40.492980 40.422809 39.290278
33 2.845041 4.271834 29.126375
506 52.463411 25.520145 48.222630
727 53.696652 25.344215 47.782115
384 50.968543 22.738856 51.754134
106 30.260318 1.349783 15.579637
630 35.188568 2.471616 18.417332
741 52.720281 27.074499 35.375949
2534 52.929265 27.878463 35.748160
335 61.715794 20.635821 48.485647
1437 16.824418 25.261889 54.406934
2312 18.315325 27.500488 51.800363
652 62.300000 28.260870 40.560870
2441 65.200000 26.086957 41.286957
540 50.244037 21.400412 53.456169
2427 48.406870 22.001393 53.773171
509 58.115800 29.763408 38.969115
69 77.964019 6.728735 54.282527
1465 70.010074 5.399477 59.590086
158 48.453017 25.826939 32.826879
645 47.165439 27.451632 32.724113
610 30.490016 34.308556 26.669757
30 65.504746 17.266322 38.502058
277 63.775595 16.063115 37.236815
27 97.100000 2.173913 49.273913
620 88.820754 3.622872 45.616793
252 88.437201 4.816616 45.822534
611 56.502218 28.008282 43.712601
2464 60.658720 16.048858 53.605733
2468 60.228558 16.848389 53.020484
2508 59.223144 16.498790 53.873139
179 37.021421 8.692535 72.788062
413 72.916491 0.000000 59.978152
2604 65.596284 0.000000 63.849690
521 20.132112 30.228396 35.143485
301 1.507343 2.263278 59.099246
1674 58.815037 28.077655 42.486749
6 58.621359 9.515146 61.164659
545 61.674340 5.664680 63.492486
275 67.460026 8.633696 57.627657
53 26.640000 40.000000 26.640000
554 28.860000 43.333333 28.860000
414 29.111775 37.928664 27.186132
19 66.290494 11.724039 37.049352
665 69.620662 10.746694 38.388980
201 55.699165 14.654645 57.481118
539 52.034506 12.502141 61.468104
200 88.400000 8.695652 47.095652
2172 87.934211 6.422401 46.105765
596 52.698708 21.210392 52.419044
89 56.951337 20.151849 35.186234
694 54.171623 21.632583 34.289462
667 18.348930 27.550946 35.624521
546 61.318132 16.156919 36.039320
1826 62.932895 14.976687 36.453684
624 57.742358 25.195272 45.908354
2371 58.329474 25.419192 45.390652
221 54.191178 26.315968 46.562127
526 53.923521 25.900235 47.112105
110 60.896575 20.043763 49.487906
2473 59.906202 19.609562 50.417727
2659 61.131696 19.165762 50.249224
2708 92.496094 0.695573 53.055684
2709 90.380470 1.303952 53.504509
90 41.518277 27.487977 29.912635
302 40.574504 29.300722 30.044392
2158 23.465906 28.773639 21.314575
241 29.288085 9.472199 17.798285
517 25.482026 7.950372 15.388487
615 25.642153 10.369653 16.274171
1524 46.587144 21.192020 30.350515
2486 25.965097 25.227362 61.764862
211 55.324324 28.566138 43.743134
109 5.156088 7.741874 60.488884
734 5.242251 7.871247 69.376967
14 21.407143 32.142857 57.121429
283 20.213652 30.350828 51.848153
324 18.604746 27.935055 56.228040
490 34.775323 3.914954 78.693470
189 50.451126 24.761874 49.987801
58 49.789564 22.512996 52.569710
222 48.578024 23.635522 52.051830
234 60.918771 23.087274 46.430253
2560 59.686703 23.243877 46.889528
2566 58.094428 23.756887 47.172142
2561 58.793699 23.665492 46.913993
547 19.980000 30.000000 19.980000
130 58.719962 19.194634 51.426190
334 56.204021 19.346317 52.532326
431 57.634790 18.415626 52.748564
265 44.332477 13.272019 26.585820
422 41.460373 12.394774 24.857647
1658 41.538770 13.757503 25.350634
210 51.656304 21.038939 53.111870
537 51.268636 21.771124 52.572787
73 48.391481 11.348674 27.974849
410 46.984504 24.623631 51.859493
171 39.886058 24.911915 55.120144
224 76.486508 11.118457 41.945700
2146 77.004445 12.190033 42.561503
2562 79.515062 10.456335 43.239491
2563 79.075226 9.833512 42.812173
698 37.454601 34.088794 47.149817
549 53.425120 22.188623 51.076629
640 56.544497 22.013940 49.691798
2355 56.516080 21.421633 50.298905
329 53.067359 32.673769 40.759878
584 50.869481 32.601916 41.930741
2279 52.812575 31.082616 42.480013
192 23.408238 35.147504 40.033899
515 22.896062 34.378471 43.806381
1596 53.732065 27.008479 46.098480
538 65.085040 22.150521 45.284808
534 63.802267 19.620677 38.434819
558 57.737557 26.882495 44.221843
239 60.630171 25.459140 44.200316
2404 55.002865 26.372858 46.099336
136 82.334904 0.000000 52.025213
467 91.666667 0.000000 54.166667
656 83.333333 0.000000 58.333333
2438 32.163167 30.477131 26.230468
306 9.648412 14.487105 31.299230
484 10.595442 15.909072 37.236145
681 11.735271 17.620527 32.211470
586 35.315576 42.102376 40.197734
661 64.670337 9.750679 35.582145
2564 64.266493 9.126473 35.172362
2474 62.619419 9.533410 34.484335
2699 67.058528 9.495650 36.691316
2700 66.357402 9.256282 36.261043
2590 11.381071 17.088696 66.146591
368 61.242525 18.399333 50.961005
2663 60.250096 19.092323 50.763537
1931 39.076710 13.350031 23.983916
21 52.164165 19.189827 32.472295
401 51.459547 20.613275 32.593994
609 40.748482 31.469230 30.853495
1951 42.799211 29.558533 31.242597
603 55.943728 26.400249 45.601487
247 52.913685 24.287457 49.231413
561 15.815735 13.163292 12.291244
402 12.311383 7.252462 8.570761
218 20.376236 30.594949 27.472797
544 61.038772 24.106533 45.349974
2509 57.133977 12.131025 59.289855
2510 58.956378 13.318268 57.190225
18 25.161370 30.309161 22.673635
2649 26.674110 29.757961 23.246456
124 18.872589 0.000000 51.135886
427 12.675269 0.000000 64.192821
2536 45.281506 30.931404 46.396912
359 47.006955 30.208369 46.257945
319 66.875971 18.257132 39.517611
712 69.034161 16.732393 40.088967
522 47.066621 19.930665 30.170222
437 30.201722 0.000000 47.550621
76 56.369916 28.907957 37.811308
411 53.562436 28.833632 36.382818
1753 48.345876 29.282263 46.515517
2645 36.320594 19.141331 24.534360
338 36.919265 17.717905 24.359695
542 72.487347 13.297161 40.671628
704 88.592454 2.346320 53.355106
170 32.026672 25.327049 24.447243
2011 34.268297 17.603520 22.996120
150 49.223578 26.415538 48.946258
613 20.293302 30.470424 31.041834
2364 28.571618 0.000000 26.511804
227 53.360396 24.963328 48.331511
715 52.647346 24.868178 48.783281
97 45.599177 23.605257 53.571549
1981 47.235204 23.719678 52.639000
281 68.576042 20.033414 40.959148
2629 51.049989 22.297396 52.155312
39 41.627826 3.251955 21.896814
380 40.453205 5.037291 21.904020
333 63.957838 18.328315 49.674438
651 30.532842 8.122128 17.971090
2345 62.259075 19.174257 49.677032
2660 62.235706 18.675333 50.188139
2661 62.587395 18.308997 50.378996
121 54.621730 21.791151 50.876193
1919 55.717281 21.408007 50.711945
504 38.356104 29.436204 28.980308
243 24.588413 15.410555 17.425922
2207 21.993158 15.561679 16.178618
371 23.440524 17.727168 17.623409
94 42.456400 16.133861 62.621806
163 45.397146 8.887865 25.658232
697 68.100000 23.913043 42.013043
279 54.611430 31.392617 37.759456
154 43.090445 31.339839 31.981389
535 45.075771 29.402981 32.329078
2052 26.227601 34.699317 24.668673
9 68.023995 22.033558 41.349172
2517 58.656807 14.187215 56.470194
2511 58.929477 14.890502 55.629869
2465 60.897325 15.186007 54.350145
2521 59.344053 15.467776 54.844730
403 69.230769 0.000000 34.615385
691 52.560291 31.277535 36.695565
202 58.791686 23.075996 47.505085
131 39.893586 41.449727 33.749552
1781 37.761359 41.187666 32.596172
37 70.913248 5.555198 37.306505
2060 16.951329 25.452445 23.905073
2122 18.077203 27.142948 23.566362
430 58.664804 11.694726 33.226746
1516 69.807257 0.000000 56.127112
152 15.880782 18.775499 14.192632
491 11.100000 16.666667 11.100000
350 13.320000 20.000000 13.320000
134 31.080000 46.666667 31.080000
2344 28.868811 43.346563 31.898067
638 14.152670 0.000000 18.185588
326 49.910346 19.022585 31.289694
605 26.966457 36.604279 25.672453
2347 57.835950 23.041557 48.017426
468 58.534727 22.562720 48.147354
186 64.489387 13.737598 36.819314
122 44.248580 6.304755 24.223773
710 6.679360 0.000000 40.867477
2267 81.998514 8.774148 50.217821
229 57.219724 29.070301 42.290767
2265 55.445884 30.524743 41.721791
2693 52.133465 0.000000 51.619650
144 54.790276 2.690969 28.291231
568 48.969559 3.603973 25.684902
486 54.678091 4.162926 28.725300
114 0.000000 0.000000 50.000000
208 2.884342 4.330844 49.594664
524 22.123642 33.218681 51.273180
233 46.478174 21.822928 54.916162
2389 44.346459 24.506301 30.333828
288 1.263018 1.896424 18.135544
2487 1.696928 2.547941 10.078779
475 2.220000 3.333333 2.220000
2514 62.811454 14.576388 54.003309
2522 62.635467 15.175429 53.491662
2402 61.042210 13.885445 55.579565
648 50.600150 19.888270 31.922869
2630 55.231355 23.629940 48.730752
378 54.366689 24.240957 35.255583
328 57.937301 15.961925 55.053463
736 21.551516 32.359633 47.532212
145 48.866540 20.727393 31.335492
64 41.666667 0.000000 79.166667
44 35.438032 8.298147 20.482299
1846 49.337112 17.430763 57.883250
2326 52.401033 16.504878 57.278101
264 69.627660 15.419331 39.948467
2546 13.150961 5.736327 8.485677
2544 8.931214 4.236125 5.876236
494 38.114225 19.484566 25.545473
2614 23.897476 19.778252 68.253232
2617 22.117356 18.049242 70.874031
1759 55.102019 32.585578 38.402007
2694 54.943763 0.000000 54.012557
471 61.072123 0.000000 54.440540
2697 56.727956 0.000000 58.197609
2695 55.052729 0.000000 57.003170
339 29.217965 19.846792 21.217964
1776 26.469966 18.846119 19.510741
532 25.800304 20.322926 19.667687
133 67.085080 8.143908 36.254462
2701 65.361604 8.722131 35.585272
2565 65.920237 8.968325 35.946571
2678 52.874886 25.334784 34.873926
495 67.859471 14.868498 38.880945
2545 48.666420 25.027418 32.667340
1937 13.005239 19.527385 47.129023
93 69.733827 12.974734 39.187500
472 47.779112 23.014303 53.073127
2555 62.222380 10.126525 34.483323
1924 31.299343 11.156227 19.364695
2605 67.676992 0.000000 60.345051
184 27.352326 6.614391 15.878755
444 47.601657 1.990029 24.463508
2633 48.171213 35.074516 35.765420
2686 55.175782 17.660641 33.468884
2515 55.242724 11.062939 61.304636
2512 53.181052 10.103444 63.295926
177 60.664026 17.263317 36.080698
2400 57.952992 18.196571 35.035954
1962 10.392000 15.603603 16.209482
209 58.409859 26.798471 43.969801
658 66.027650 14.190327 37.739204
683 53.370611 12.842329 30.961801
388 7.080260 0.000000 75.953384
2079 44.159122 5.360714 23.864679
2516 10.906227 0.000000 14.303509
2530 47.999822 27.021344 48.951724
362 48.522780 27.380418 48.330812
530 19.028571 28.571429 61.885714
2488 16.650000 25.000000 66.650000
2489 18.423067 23.952502 66.812012
1615 47.823981 12.585843 28.103076
83 22.200000 33.333333 22.200000
482 20.027756 30.071706 23.737200
1956 56.500000 32.608696 39.108696
2639 53.600000 34.782609 38.382609
2640 53.188715 33.857943 39.513842
146 55.695308 18.387350 53.746609
2467 59.449737 18.155781 52.101194
2527 60.202346 18.267663 51.612896
2616 20.628149 16.133942 73.535849
695 16.683527 21.170950 15.391690
2568 74.557051 10.276438 40.700579
2569 76.210128 10.399685 41.568159
327 42.768365 23.405929 55.186482
2689 44.622706 22.483561 55.182602
2696 57.197157 20.992983 50.387445
2599 12.480464 2.012825 91.744931
2600 7.222956 1.332877 95.054312
2601 17.633476 2.421503 88.759337
541 49.365330 28.472671 46.816191
287 11.484709 17.244308 20.756092
314 58.098012 20.453830 50.476710
2316 57.497193 20.150953 51.080299
477 90.515563 4.896220 46.888223
2570 77.666399 10.075678 42.188401
125 49.587499 35.366699 39.804185
182 0.000000 0.000000 90.000000
240 56.686900 20.799067 50.836683
479 56.483897 20.156283 51.581613
2680 43.344285 24.440863 53.862553
2490 43.500480 28.350180 49.871230
2483 42.427669 27.981178 50.777006
231 47.595672 28.763622 47.409779
1749 48.631242 28.006250 47.650123
80 82.122676 1.208955 41.463920
647 92.307692 0.000000 46.153846
65 60.223802 10.448328 33.591194
263 62.244310 11.066096 34.807165
2484 40.873121 28.855934 50.678650
105 27.421070 17.487592 19.533903
2425 24.992332 37.526024 27.152847
2557 57.162632 24.160646 47.233877
670 14.812772 22.241399 17.310922
159 24.438450 2.669303 85.108802
1739 33.333333 0.000000 83.333333
2083 46.789898 30.831208 33.661741
523 21.537821 5.566438 12.622534
447 13.696689 20.565598 32.015758
2466 59.821614 17.514388 52.557291
2523 60.794937 17.225457 52.359849
1989 10.946791 16.436623 27.126165
2641 52.577785 34.688329 37.840106
2038 49.623807 26.870919 48.290307
474 67.374726 12.521330 37.856966
435 59.403429 25.270779 45.002236
162 17.565399 0.000000 70.398672
533 24.261621 0.000000 59.036658
1834 9.252047 13.891962 23.981205
416 23.076923 0.000000 11.538462
2179 94.200000 4.347826 48.547826
299 21.281810 31.954669 39.175973
336 32.691011 0.000000 59.406822
123 7.401121 11.112795 21.156340
580 54.981863 25.734496 46.748838
1839 44.815106 39.277917 38.275252
2547 45.153133 24.805612 30.836835
2374 31.585223 0.000000 54.099288
576 45.821239 29.104668 47.955608
2537 46.489159 29.386619 47.339415
2535 45.418266 30.059123 47.201685
2432 25.000000 0.000000 87.500000
2280 23.600108 0.000000 82.711338
2658 59.406269 20.277109 49.999479
2642 54.546641 24.880773 47.821026
2650 26.998808 28.367587 22.945811
1899 63.528915 12.037870 35.773068
196 31.491744 39.930519 29.042735
2538 48.973561 26.426452 33.286789
688 48.136675 33.054228 42.844380
562 43.326538 31.121719 47.183891
460 56.020524 28.986165 42.974586
147 23.660184 35.525802 47.506966
439 5.825516 8.747021 50.353020
2493 0.483280 0.725646 13.057782
38 78.110442 13.004365 43.385675
2513 60.568441 17.703261 51.994816
450 59.334616 26.430838 43.875423
641 71.287957 7.923903 38.282638
595 73.446947 11.576794 40.578546
1626 3.588834 5.388640 57.422771
2491 39.647853 29.026384 51.120663
204 39.769979 30.619568 49.464822
2609 24.387430 10.195168 77.600922
548 42.293132 29.249296 49.574889
2476 44.021022 28.833745 49.126910
2494 43.406506 29.744892 48.522110
2495 42.053148 30.359573 48.583493
417 23.785714 35.714286 52.357143
2579 79.568075 11.032996 43.458025
1460 22.180532 33.304101 41.660288
92 63.546697 0.000000 44.669689
654 56.841306 0.000000 50.010847
2613 31.943554 22.488975 61.516759
599 27.578954 22.560546 63.627416
2618 30.800710 21.215450 63.362980
631 11.490356 17.252786 15.346445
2662 59.747845 20.637012 49.468429
2574 70.946442 8.976804 38.462497
2578 72.077042 9.864285 39.323328
2575 72.227851 9.301915 39.211463
2704 70.952026 9.936015 38.784706
2655 62.913512 17.833009 50.692402
2496 41.469586 31.062390 48.171755
646 28.294967 34.281476 51.536759
2492 40.728678 32.148699 47.454814
2548 49.431695 25.172944 33.098438
2634 32.874694 38.203799 29.159212
2323 34.251558 36.518727 29.286515
156 44.584198 29.601962 48.076337
2502 44.632269 29.031622 48.623212
2501 45.323569 28.848656 48.460711
190 18.639488 27.987220 32.273806
2673 76.028930 15.585700 46.384250
2671 77.032778 15.922151 45.545538
573 6.371408 4.292536 4.615118
2576 68.973831 9.074786 37.508819
2551 67.780506 8.810476 36.824141
2687 12.569544 18.873189 17.314542
87 63.431870 23.367278 44.893419
2299 62.645497 24.359641 44.293251
2615 26.736509 19.679304 66.932763
2469 0.826051 1.240317 9.111135
2472 4.757143 7.142857 90.471429
2611 10.969946 6.241217 88.267569
2621 4.974142 7.468681 89.271887
355 50.700000 36.956522 37.656522
1885 54.186128 15.122230 32.128767
2295 7.514195 11.282575 28.192565
2707 91.577316 0.000000 50.586431
2607 67.490023 7.440454 36.222682
2606 66.066292 7.752750 35.614812
2602 63.979433 8.045543 34.668882
191 0.000000 0.000000 0.000000
2549 3.841170 3.519992 3.092742
2684 46.465832 38.822118 36.160682
2591 3.619573 5.434794 87.280209
2690 47.065833 22.610970 53.833502
1915 31.994749 31.072071 52.899483
2681 42.033742 24.564892 54.393672
739 31.609615 36.736829 28.038172
217 7.023337 10.545551 73.787324
578 35.688352 31.558252 50.566013
2573 81.230868 11.218786 44.351289
2540 47.814568 28.021157 48.043538
2646 57.974931 10.923848 32.625107
2647 58.755647 10.264793 32.796000
256 71.206820 11.394290 39.397709
2651 26.653612 27.184971 22.379401
1965 57.803389 17.310711 53.770283
2592 1.395095 2.094737 83.679978
553 3.300038 4.955012 82.657171
2593 1.173783 1.762437 89.084287
2577 79.611104 11.488633 43.631267
1771 60.555937 13.745188 34.855116
2348 63.073557 19.658110 48.785453
557 47.800000 39.130435 36.930435
2533 51.538302 27.872420 35.050667
2541 52.131369 27.922926 35.364019
2539 46.603662 28.797311 47.872060
2087 59.362901 0.000000 38.040233
2635 29.144258 35.288458 26.323186
2581 61.354029 9.834114 33.951774
2572 72.507708 10.269752 39.673681
2208 14.271429 21.428571 71.414286
2596 17.198819 22.408061 68.970122
2594 15.622552 21.228920 70.938575
2636 30.088916 36.065627 27.054312
2528 61.245129 16.890279 52.470266
2518 61.846073 16.316303 52.744344
2519 62.145112 15.610986 53.300847
2520 59.612109 15.832671 54.345442
2526 58.638110 18.404157 52.258384
2524 58.747950 17.850586 52.757589
2525 59.140060 17.302852 53.109815
2698 61.031064 17.885306 51.581276
2529 59.098788 16.990185 53.443430
2498 1.185745 1.780398 5.352479
2499 0.327333 0.491491 8.042229
2620 10.221082 11.106016 83.772337
2471 3.622107 5.438599 92.553686
2622 6.000678 9.010027 87.789400
2624 7.135714 10.714286 85.707143
2664 59.032611 19.883784 50.580027
2580 62.852758 9.134473 34.468159
385 64.174605 8.649818 34.967692
2503 44.230885 28.215139 49.641203
2504 44.160999 29.303055 48.587142
2595 16.716334 25.099601 63.608569
2705 67.895167 9.648999 37.160700
2668 85.500000 10.869565 46.369565
2669 80.591841 12.721161 46.970198
2567 57.628763 23.992096 47.169531
2674 76.796913 13.479250 48.108815
2675 74.838655 15.843729 46.721100
2706 65.326353 8.148005 35.376462
