216 25.581395 100.000000 100.000000
1954 26.844826 91.505798 116.988404
864 27.906977 100.000000 100.000000
85 35.714286 0.000000 0.000000
1894 36.496975 -34.491282 17.245641
1912 35.252866 -34.683736 17.341868
924 36.956522 -73.913043 36.956522
1895 38.180332 -28.785697 14.392848
649 8.388120 60.033712 -16.776239
650 6.442588 64.461773 -12.885175
97 8.025334 71.459392 -16.050667
256 76.543156 57.957971 146.913688
667 77.272727 77.272727 145.454545
1292 75.000000 75.000000 150.000000
214 20.930233 100.000000 100.000000
1972 19.546619 90.929308 118.141385
1964 20.703039 90.341120 119.317760
431 15.909091 84.090909 131.818182
1955 18.371387 91.557929 116.884142
1956 17.055911 92.509176 114.981648
962 100.000000 20.000000 0.000000
798 100.000000 0.000000 0.000000
2540 99.293796 10.730101 -1.412409
1212 91.304348 -17.391304 8.695652
1291 93.478261 -13.043478 6.521739
75 94.274294 -11.451412 12.980742
1317 60.520814 178.958372 47.759290
1319 59.889459 180.221081 55.282859
1504 62.069277 175.861447 55.055214
107 16.666667 0.000000 0.000000
2088 16.628405 9.091833 -18.183666
2089 17.939083 7.635597 -15.271195
2120 15.298609 8.069262 -16.138525
2765 15.775163 4.755231 -9.510461
1426 65.909091 168.181818 34.090909
853 68.181818 163.636364 31.818182
2041 66.049837 140.373914 20.186957
1386 13.461538 13.461538 126.923077
566 11.538462 11.538462 123.076923
2339 13.517024 6.537539 113.075079
249 9.105720 -18.211439 64.037085
40 12.676835 -25.353669 70.694036
1070 8.337117 -16.674234 70.192639
66 96.351706 -7.296588 67.280350
2834 96.523534 -6.952931 64.363524
2827 98.075995 -3.848010 64.153172
796 21.739130 -43.478261 21.739130
103 19.565217 -39.130435 19.565217
1896 21.379481 -24.758970 12.379485
795 23.809524 0.000000 0.000000
2767 24.311073 -11.775735 5.887868
2771 23.349115 -11.243950 5.621975
179 9.588129 61.873344 119.176258
181 7.599371 64.582679 115.198742
1433 8.365410 55.221953 116.730821
115 92.857143 0.000000 0.000000
2541 93.558686 3.495904 -6.991808
89 95.238095 0.000000 0.000000
1488 36.574491 48.846136 173.148983
357 36.363636 63.636364 172.727273
621 34.446852 49.175992 168.893704
541 83.250343 23.211505 133.499314
542 84.090909 15.909091 131.818182
1404 85.023223 23.729296 129.953553
1406 17.391304 82.608696 -34.782609
1194 18.008627 73.500553 -36.017254
1239 16.283497 76.782205 -32.566994
751 97.939075 -4.121849 28.586352
343 95.108338 -9.783323 25.778607
991 97.504380 -4.991240 23.535624
896 97.859954 104.280093 9.413257
646 95.313169 109.373662 10.806311
1087 97.573311 104.853378 15.771587
1016 4.810833 85.239992 -9.621665
98 2.173913 97.826087 -4.347826
965 4.347826 95.652174 -8.695652
143 54.347826 -91.304348 45.652174
2319 53.254148 -93.491703 50.208138
2293 52.343769 -95.312462 48.796192
1332 91.691509 28.923449 -16.616981
260 91.256420 22.324579 -17.487159
1306 90.022606 31.262798 -19.954788
738 54.545455 190.909091 45.454545
645 52.272727 195.454545 47.727273
2504 53.111806 193.776387 49.746187
737 53.846154 192.307692 53.846154
639 51.923077 196.153846 51.923077
1510 77.290524 -45.418953 60.841340
288 80.196264 -39.607472 56.944975
1077 79.636496 -40.727009 64.246172
631 42.307692 -84.615385 57.692308
2232 42.333738 -84.667475 50.454775
72 44.230769 -88.461538 55.769231
233 95.766558 -8.466883 44.949014
1494 100.000000 0.000000 44.444444
1454 100.000000 0.000000 50.000000
1280 98.437500 1.562500 -3.125000
2542 97.952983 1.396134 -2.792268
1281 96.875000 3.125000 -6.250000
173 10.896918 67.047567 121.793836
504 12.619674 65.099149 125.239347
506 12.210545 71.351298 124.421090
284 51.423516 71.373583 157.252833
1203 50.088577 84.946155 130.107690
1200 48.616213 64.491609 171.016781
1482 79.675156 121.551639 89.224180
1403 79.069767 100.000000 100.000000
668 81.395349 100.000000 100.000000
605 8.290984 -16.581969 76.258460
266 4.481725 -8.963450 77.634833
269 3.645569 -7.291138 70.446705
984 9.615385 9.615385 119.230769
2377 7.826895 4.883453 109.766907
2355 8.651611 3.881403 107.762806
1012 3.001712 106.003424 28.700665
1024 0.000000 100.000000 38.888889
10 3.116551 106.233101 35.120173
522 9.615385 -19.230769 90.384615
1465 5.689602 -11.379205 84.134701
518 11.538462 -23.076923 88.461538
471 9.262794 -18.525588 43.315519
1258 4.669396 -9.338791 49.129638
1491 4.057273 -8.114546 42.174102
418 27.272727 72.727273 154.545455
37 26.180745 44.803448 152.361490
36 28.169496 48.861011 156.338991
1106 -43.281284 58.110215 21.640642
1208 -35.940393 64.093891 17.970196
1266 -36.614544 49.585757 18.307272
1178 20.000000 140.000000 20.000000
1177 21.666667 143.333333 21.666667
2431 22.494902 125.322212 12.661106
863 23.255814 100.000000 0.000000
2430 21.595802 120.609373 10.304687
1175 25.581395 100.000000 0.000000
208 82.222222 0.000000 100.000000
1267 84.444444 0.000000 100.000000
1068 82.167120 9.206340 118.412681
1195 18.013256 86.977061 -26.045877
1141 16.161426 88.821077 -22.357847
194 72.093023 100.000000 0.000000
2151 72.977502 85.637985 -28.724029
2090 71.292202 85.067986 -29.864029
198 69.767442 100.000000 0.000000
2091 69.733428 81.588110 -36.823781
2190 68.971133 84.236200 -31.527601
1111 34.782609 169.565217 65.217391
1110 35.486911 156.711849 71.644076
1115 36.956522 173.913043 63.043478
698 68.588589 162.822823 59.232157
695 70.805215 158.389570 61.652027
697 70.245686 159.508628 51.867726
46 140.000000 80.000000 80.000000
42 130.000000 85.000000 85.000000
45 140.026022 67.971192 79.986989
145 10.139341 120.278682 83.924543
1025 5.656040 111.312080 84.446202
196 10.869565 121.739130 89.130435
294 -9.569326 24.512585 95.215337
31 -16.998159 47.179239 91.500920
455 -20.401958 28.481209 89.799021
919 65.909091 34.090909 168.181818
1957 65.151032 17.644557 135.289114
1958 66.803779 13.719281 127.438561
881 64.444444 0.000000 100.000000
1984 63.445849 21.693515 143.387030
562 13.753135 28.239610 127.506269
560 15.606007 24.859742 131.212014
693 15.019683 32.062144 130.039367
70 95.652174 -8.695652 4.347826
2294 98.149347 -3.701307 7.285581
1293 96.971585 -6.056831 10.930202
79 100.000000 0.000000 5.555556
1295 100.000000 0.000000 11.111111
1351 21.153846 21.153846 142.307692
2362 20.916739 11.868752 123.737503
2385 21.783837 10.931970 121.863940
2488 29.448001 158.896003 40.940131
2501 29.382586 158.765172 43.012694
1271 25.976353 151.952707 42.678954
2432 29.000145 158.000290 47.902847
1251 23.333333 146.666667 23.333333
377 10.049590 40.880868 120.099180
1428 11.450001 42.062020 122.900001
378 10.915684 47.472375 121.831369
1472 39.253724 81.708067 136.583865
429 41.860465 100.000000 100.000000
436 39.534884 100.000000 100.000000
408 41.304348 58.695652 -82.608696
2622 40.524778 79.037442 -41.925117
2640 41.989616 74.276907 -51.446187
936 14.373761 50.065293 128.747522
862 15.979147 54.296050 131.958295
851 14.493802 56.999965 128.987604
1131 27.906977 100.000000 0.000000
2650 29.130995 85.063649 -29.872703
2643 28.369963 82.841482 -34.317036
1227 32.608696 67.391304 -65.217391
2646 32.489373 82.859246 -34.281508
2632 33.434689 79.435069 -41.129863
161 51.111111 0.000000 100.000000
2234 49.896659 -48.030002 75.984999
157 51.842397 -50.133233 74.933384
1318 86.666667 0.000000 100.000000
135 84.264493 8.475790 116.951580
993 100.000000 0.000000 38.888889
2195 144.639373 22.319687 42.342429
2198 145.146325 22.573162 37.573541
2208 142.446425 21.223212 39.701215
413 28.846154 -57.692308 71.153846
1153 30.769231 -61.538462 69.230769
2235 31.016510 -29.862204 85.068898
412 33.333333 0.000000 100.000000
2236 32.287723 -36.710970 81.644515
2267 33.627232 -26.769570 86.615215
451 4.553550 71.370556 -9.107100
96 6.225741 75.049070 -12.451482
1342 86.770590 21.198880 -26.458821
802 88.144244 17.204769 -23.711511
555 87.500000 12.500000 -25.000000
50 95.013637 67.660196 109.972726
52 94.487326 55.540401 111.025349
53 96.661803 57.912939 106.676394
1081 86.363636 86.363636 127.272727
236 88.791201 80.703319 122.417599
943 88.636364 88.636364 122.727273
1022 78.314630 143.370740 56.517921
445 80.083659 139.832682 62.031755
1180 82.048238 135.903523 54.834717
815 93.181818 93.181818 -13.636364
1004 94.507425 78.842874 -10.985150
300 91.969978 80.494848 -16.060045
1331 88.229479 51.641538 -23.541043
162 86.399000 59.858644 -27.201999
1250 88.179134 62.061856 -23.641733
144 -50.000000 25.000000 25.000000
136 -40.000000 20.000000 20.000000
1185 -22.234621 11.117311 23.055054
132 82.840928 111.021988 94.489006
133 84.631707 117.074785 91.462608
134 81.575914 127.505505 86.247248
443 77.042862 145.914277 66.874436
444 75.000000 150.000000 75.000000
438 76.923077 146.153846 76.923077
1027 16.504012 33.232321 133.008023
945 17.599624 27.155715 135.199249
653 -54.545455 72.727273 27.272727
409 -63.496803 62.307341 31.748401
1147 -63.636364 68.181818 31.818182
570 9.291710 25.321280 -18.583420
575 10.295635 32.392285 -20.591270
1233 10.834822 24.991256 -21.669643
467 13.964624 -27.929248 49.449251
468 14.158353 -28.316707 39.516843
16 0.000000 0.000000 42.105263
1132 3.078534 -6.157068 35.202680
204 78.260870 -43.478261 78.260870
1899 80.235986 -20.278265 89.860868
1900 78.798444 -17.215041 91.392479
494 0.000000 100.000000 50.000000
492 -53.919076 73.040462 51.484516
493 0.000000 100.000000 55.555556
1387 54.545455 54.545455 190.909091
1260 56.907211 80.994290 138.011421
1254 54.075206 76.531009 146.937982
916 66.748849 52.153540 166.502302
2725 66.404181 42.947219 167.191638
2724 67.489620 42.036319 165.020759
1213 89.690946 -20.618107 16.805986
351 91.912704 -16.174592 14.888070
717 92.344353 -15.311295 20.725436
1058 11.627907 100.000000 100.000000
2020 13.417753 117.660383 91.169808
2021 11.646613 111.486694 94.256653
636 15.553374 120.293484 89.853258
373 92.420925 -15.158149 25.359129
178 0.000000 0.000000 94.736842
1240 -8.802083 4.401042 89.713464
959 0.000000 0.000000 89.473684
782 57.900511 184.198978 50.036494
626 11.134469 17.590389 -22.268938
1222 13.437140 17.865326 -26.874281
627 11.363636 11.363636 -22.727273
608 81.818182 18.181818 136.363636
1186 -12.638260 6.319130 12.968743
422 0.000000 0.000000 10.526316
463 0.000000 0.000000 15.789474
112 136.363636 81.818182 18.181818
113 125.862481 76.582430 12.931241
114 127.272727 86.363636 13.636364
58 97.329705 -5.340590 75.414481
57 94.385980 -11.228040 78.807662
1210 95.809970 -8.380059 72.572725
1371 97.674419 100.000000 100.000000
2539 98.139801 101.755640 99.122180
2506 96.807862 103.176407 98.411796
2505 98.444462 103.111076 94.703187
1881 98.076923 103.846154 98.076923
2538 99.130346 101.739308 96.879238
1455 96.153846 107.692308 96.153846
664 82.806199 70.670657 134.387602
1089 81.818182 81.818182 136.363636
663 80.356332 71.323453 139.287336
1007 96.754406 68.557570 -6.491188
2729 98.306355 66.035673 -3.387289
1334 98.133827 57.742560 -3.732345
603 84.090909 84.090909 -31.818182
2123 85.050257 92.802735 -14.394530
2092 86.258528 92.600917 -14.798165
1104 86.363636 86.363636 -27.272727
2093 87.627762 92.348224 -15.303552
629 16.517651 32.218669 -33.035302
917 15.380109 39.412994 -30.760218
1155 17.284579 38.991389 -34.569159
2175 79.687500 20.312500 -40.625000
2094 81.250000 18.750000 -37.500000
2568 79.006898 11.957655 -23.915311
763 82.812500 17.187500 -34.375000
2543 79.761377 9.507407 -19.014815
287 82.793061 -34.413878 60.375347
814 95.454545 95.454545 -9.090909
1413 96.556168 83.684965 -6.887665
1290 93.750000 6.250000 -12.500000
866 95.312500 4.687500 -9.375000
2546 94.744723 3.296322 -6.592645
1090 89.388976 16.990853 -21.222048
577 89.062500 10.937500 -21.875000
59 98.136106 -3.727789 79.828425
60 96.929079 -6.141842 86.524247
1282 95.646175 -8.707649 82.389186
175 11.372847 60.071860 122.745693
1434 10.225610 54.236135 120.451221
659 0.000000 100.000000 33.333333
2216 -25.938730 87.030635 33.449176
1160 70.454545 70.454545 159.090909
1243 72.727273 72.727273 154.545455
2418 72.930848 82.954491 134.091019
1405 76.744186 100.000000 100.000000
2420 75.875096 87.453038 125.093924
2403 77.140196 88.456351 123.087298
41 133.543389 64.879135 83.228306
44 125.510426 67.857591 87.244787
1129 30.937243 54.254168 -61.874485
2689 31.844742 61.488119 -63.689484
2683 33.015763 59.419415 -66.031527
1228 34.782609 65.217391 -69.565217
2686 34.964429 55.898559 -69.928858
2687 34.136819 57.740174 -68.273637
383 -72.791109 52.135666 63.604445
768 -66.041970 44.518272 66.979015
486 -63.154059 56.130825 68.422971
475 93.793029 11.892586 -12.413941
1283 92.860627 19.759123 -14.278746
1278 94.581193 14.795437 -10.837614
304 66.266535 -67.466930 46.670213
1091 67.856412 -64.287177 54.363228
302 65.217391 -69.565217 65.217391
488 7.692308 7.692308 115.384615
435 5.769231 5.769231 111.538462
2342 5.003620 3.339903 106.679806
218 22.882345 61.017512 145.764691
210 22.727273 77.272727 145.454545
219 21.169428 62.560935 142.338856
692 56.818182 43.181818 186.363636
2397 55.593898 50.050139 188.812204
689 54.545455 45.454545 190.909091
1448 56.818182 56.818182 186.363636
906 75.345852 -49.308297 47.041453
1511 74.933183 -50.133634 56.764289
1093 72.497310 -55.005380 51.834810
414 28.653659 -57.307319 58.871499
1130 28.260870 71.739130 -56.521739
185 27.818001 54.288704 -55.636002
1382 -56.015522 61.477518 28.007761
1209 -48.793636 65.574948 24.396818
1263 -51.498308 54.487964 25.749154
1459 11.435933 40.269433 -22.871866
1440 12.537475 48.074852 -25.074950
1 13.394028 39.905815 -26.788055
34 28.888889 0.000000 100.000000
2344 28.957594 13.723615 127.447229
2345 27.276783 15.305740 130.611479
33 26.923077 26.923077 153.846154
32 28.846154 28.846154 157.692308
954 17.641531 135.283062 71.128254
1054 14.684677 129.369353 73.703974
951 19.565217 139.130435 80.434783
524 42.222222 0.000000 100.000000
2346 39.179877 19.185474 138.370948
666 40.000000 0.000000 100.000000
594 38.461538 38.461538 176.923077
2381 40.347804 19.159723 138.319447
2360 41.527577 18.991881 137.983763
955 18.604651 100.000000 100.000000
957 21.241832 123.350019 88.324991
950 19.113048 117.374892 91.312554
1487 4.734326 83.066689 109.468653
969 6.777276 85.037765 113.554551
968 4.545455 95.454545 109.090909
453 -17.478814 8.739407 17.977650
1182 0.000000 0.000000 21.052632
491 87.161768 45.778033 -25.676464
1308 85.505511 44.430989 -28.988979
2749 85.791192 50.193556 -28.417617
1512 190.000000 55.000000 55.000000
71 182.655191 50.570754 58.672404
2654 190.891071 50.256325 54.554465
1324 136.610969 48.530650 18.305484
316 128.630539 46.378535 14.315270
119 134.024669 64.151005 17.012334
259 5.229291 44.926974 110.458582
264 6.631758 37.896995 113.263516
375 7.332969 46.864701 114.665939
452 4.666461 57.132091 -9.332922
88 32.007807 -64.015614 41.614686
1167 30.360127 -60.720254 42.706575
355 30.434783 -60.869565 30.434783
1499 21.153846 -42.307692 78.846154
2237 20.671922 -19.959781 90.020110
307 19.230769 -38.461538 80.769231
74 22.222222 0.000000 100.000000
558 20.000000 0.000000 100.000000
11 14.346313 32.107055 -28.692626
416 29.545455 70.454545 159.090909
410 30.248817 49.411571 160.497633
1391 17.307692 17.307692 134.615385
63 156.023722 48.870470 71.988139
1064 148.091230 56.905800 75.954385
347 148.225155 44.590584 75.887422
953 21.739130 143.478261 78.260870
54 91.010066 66.163456 117.979869
370 90.895596 55.115634 118.208807
56 92.862044 60.702069 114.275912
1505 82.608696 -34.782609 17.391304
762 80.434783 -39.130435 19.565217
2295 81.782691 -18.287805 9.143903
1088 83.333333 0.000000 0.000000
2304 84.110053 -16.308757 8.154378
2305 82.958693 -17.344793 8.672396
682 18.023433 136.046867 31.753058
681 15.748424 131.496849 30.771152
676 16.646081 133.292162 41.843521
997 151.756787 74.121606 39.865473
1414 134.564137 82.717932 36.726741
1003 122.285039 88.857481 41.176557
2238 4.404812 -8.809623 89.136055
1873 7.692308 -15.384615 92.307692
2286 4.193728 -8.387456 91.473337
1109 35.696229 137.031266 81.484367
427 35.865200 117.062613 91.468693
982 37.871366 125.667793 87.166103
283 92.729969 -14.540061 85.230496
1103 37.209302 100.000000 0.000000
2626 38.125584 81.623096 -36.753807
2627 36.593441 85.443009 -29.113981
407 39.534884 100.000000 0.000000
1036 2.325581 100.000000 0.000000
2647 4.507036 97.262297 -5.475405
2648 3.407870 97.792138 -4.415724
761 80.952381 0.000000 0.000000
2297 80.408258 -18.468995 9.234498
971 8.766191 78.188312 117.532383
180 9.068618 70.079867 118.137237
177 10.521695 73.809884 121.043389
1052 29.363541 133.773503 83.113248
424 31.818112 140.954090 79.522955
1274 30.434783 160.869565 69.565217
1507 138.958164 80.520918 28.163282
1020 119.737794 90.131103 29.446299
1017 141.462779 79.268611 32.661545
933 69.565217 -60.869565 30.434783
934 70.095837 -59.808325 46.217551
828 68.235061 -63.529878 42.058894
1264 -47.161848 33.808041 23.580924
149 -54.281868 43.930301 27.140934
142 -44.874128 45.544739 22.437064
583 34.090909 34.090909 -68.181818
2733 32.558740 42.195586 -65.117480
2737 33.855810 42.308756 -67.711620
2734 30.865825 40.276171 -61.731649
1353 22.701558 45.865695 145.403116
1349 20.689719 35.936142 141.379437
2783 22.881105 32.999828 145.762209
469 17.606860 -35.213721 43.509205
1372 106.919493 75.362786 96.540253
1479 104.040454 55.690062 97.979773
1245 111.531322 50.627212 94.234339
292 86.291741 -27.416519 48.770965
232 89.143130 -21.713741 44.419479
291 90.346031 -19.307937 51.569132
966 104.233684 39.244211 2.116842
1460 107.371288 53.954390 3.685644
314 111.228580 40.016006 5.614290
1385 31.818182 68.181818 163.636364
1310 34.090909 65.909091 168.181818
1961 34.499920 83.489882 133.020237
213 22.893973 120.874266 89.562867
217 24.775279 129.657108 85.171446
868 23.913043 147.826087 76.086957
326 0.000000 50.000000 0.000000
2735 1.311292 60.231794 -2.622584
1080 2.626149 50.176922 -5.252298
1284 84.812140 49.071931 130.375721
1270 82.849467 48.725419 134.301067
647 84.076689 40.267747 131.846623
781 58.139535 100.000000 0.000000
1225 60.465116 100.000000 0.000000
2095 58.604593 79.006730 -41.986540
2096 57.031839 82.168688 -35.662624
1246 18.604651 100.000000 0.000000
2434 15.850257 113.929488 6.964744
2435 17.706308 111.664578 5.832289
1268 88.888889 0.000000 100.000000
1461 90.327673 4.061027 108.122053
1443 88.123240 7.323704 114.647407
1489 86.046512 100.000000 100.000000
106 18.259732 32.818432 -36.519464
903 18.190008 26.098080 -36.380016
797 75.000000 150.000000 25.000000
2022 74.777116 125.452775 12.726387
2053 73.271560 130.755927 15.377963
712 45.238095 0.000000 0.000000
1903 43.355689 -41.417312 20.708656
713 42.857143 0.000000 0.000000
1394 84.832134 -30.335733 30.056048
227 87.887193 -24.225615 36.769432
1393 83.759024 -32.481951 36.928353
611 89.741933 80.789074 -20.516134
299 90.681588 71.078997 -18.636824
459 88.520408 122.959184 79.493593
139 82.692308 134.615385 82.692308
138 84.615385 130.769231 84.615385
1151 7.243467 114.486935 38.212708
1146 4.311172 108.622343 47.783255
678 9.550464 119.100927 45.586137
1962 29.814186 84.889359 130.221282
1963 27.966067 84.051175 131.897650
1174 18.333333 136.666667 18.333333
1275 20.745851 141.491701 36.407491
994 93.735129 -12.529742 30.486252
1286 82.617337 134.765326 26.701864
538 86.101922 127.796156 25.406574
1289 81.818182 136.363636 18.181818
777 -72.727273 63.636364 36.363636
2224 -37.518356 81.240822 37.843896
2217 -39.964145 80.017928 35.672756
809 82.502525 58.435991 -34.994950
434 80.661508 69.651036 -38.676984
356 82.929867 64.914510 -34.140266
1242 71.627820 52.443527 156.744360
1244 69.140729 50.506990 161.718541
2723 70.670083 39.642300 158.659835
285 83.155709 -33.688583 52.976797
211 23.255814 100.000000 100.000000
481 18.181818 81.818182 136.363636
328 0.000000 0.000000 73.684211
272 -20.325510 10.162755 76.452366
273 -30.520772 15.260386 71.117903
1055 17.391304 134.782609 82.608696
607 81.818182 81.818182 -36.363636
1322 82.270269 72.982269 -35.459461
900 79.545455 79.545455 -40.909091
1354 24.444444 0.000000 100.000000
2239 22.316549 -17.490404 91.254798
1145 5.582349 111.164699 56.079330
1363 5.083860 110.167719 63.894366
572 8.932432 117.864864 62.026990
330 4.414931 19.746091 -8.829862
150 2.272727 2.272727 -4.545455
243 2.198982 28.640170 -4.397965
1481 9.815793 13.602101 119.631586
1237 43.057383 156.075442 71.962279
405 43.478261 186.956522 56.521739
1500 41.304348 182.608696 58.695652
905 78.650327 -42.699345 44.720251
843 75.688756 -48.622487 36.148006
925 36.611788 -73.223577 49.121000
83 34.782609 -69.565217 34.782609
404 60.465116 100.000000 100.000000
2422 58.493032 79.065381 141.869237
2398 59.781620 78.449054 143.101893
885 62.790698 100.000000 100.000000
2399 61.031781 75.719850 148.560300
3 67.307692 165.384615 67.307692
6 66.357076 167.285849 57.037001
1398 13.792962 -27.585924 63.875122
1397 17.433358 -34.866716 72.902331
1474 12.777640 65.660940 -25.555281
1439 11.644384 56.847060 -23.288768
90 10.300051 66.747397 -20.600101
417 94.923988 110.152025 16.291463
819 92.885397 114.229207 11.997921
517 11.111111 0.000000 100.000000
2347 11.755859 4.413819 108.827638
2340 10.260219 4.908178 109.816356
1223 100.000000 0.000000 72.222222
1202 100.000000 0.000000 66.666667
2655 128.549560 14.274780 70.142480
2670 121.684586 10.842293 73.676486
514 136.363636 18.181818 81.818182
2668 118.909442 9.454721 82.662707
2667 125.161850 12.580925 80.591224
2036 57.055823 135.962999 17.981500
2023 58.625792 141.805653 20.902826
428 42.517316 127.119836 86.440082
1236 40.904511 152.756776 73.621612
983 40.300875 125.431460 87.284270
2097 83.805078 94.519113 -10.961773
2098 82.526509 90.221037 -19.557927
228 88.129202 -23.741596 29.172434
533 95.031935 109.936131 27.014843
872 97.306435 105.387131 26.552863
644 94.252801 111.494397 21.673992
1445 91.304348 -17.391304 91.304348
1040 94.366213 -11.267574 88.529804
278 93.478261 -13.043478 93.478261
147 57.142857 0.000000 0.000000
2299 56.874604 -44.328634 22.164317
2300 55.545905 -36.204670 18.102335
1176 16.666667 133.333333 16.666667
1430 12.657314 46.877948 125.314627
940 13.286325 53.223634 126.572650
1498 11.909218 53.436702 123.818437
341 132.679426 83.660287 68.979354
1216 127.536343 86.231829 74.377132
1215 160.000000 70.000000 70.000000
1297 98.337188 77.842563 -3.325624
960 68.181818 68.181818 163.636364
2400 68.985024 83.644057 132.711887
503 65.909091 65.909091 168.181818
1156 72.093023 100.000000 100.000000
2401 70.332335 81.962145 136.075710
726 170.000000 35.000000 35.000000
2197 133.285200 16.642600 34.277600
758 160.000000 30.000000 30.000000
447 2.556660 80.590158 -5.113319
2240 9.164457 -10.752412 94.623794
51 93.166293 84.453923 113.667415
817 90.947443 85.784027 118.105113
48 90.999894 76.819646 118.000212
1148 0.000000 100.000000 22.222222
544 1.769302 103.538604 11.615007
655 0.000000 100.000000 16.666667
152 90.672123 -18.655754 70.714769
151 94.161702 -11.676597 64.676365
65 93.539036 -12.921928 71.249649
710 97.674419 100.000000 0.000000
2099 97.400356 98.249811 -3.500377
2148 96.145542 98.067239 -3.865522
1079 100.000000 100.000000 0.000000
910 77.272727 77.272727 -45.454545
2730 74.755002 79.078934 -41.842132
911 74.928053 88.826897 -22.346207
1219 100.000000 100.000000 68.421053
1328 96.645989 106.708022 74.326046
685 100.000000 100.000000 73.684211
1001 96.769837 106.460325 36.225593
1370 100.000000 100.000000 36.842105
1496 97.211117 105.577766 31.457219
2219 -24.302597 87.848702 19.156492
2218 -19.170057 90.414971 21.661075
508 45.841822 82.069020 135.861961
1078 47.003364 73.811737 152.376527
9 48.837209 100.000000 100.000000
226 15.217391 84.782609 -30.434783
423 33.665382 122.614006 88.692997
2693 25.103908 113.887926 93.056037
2694 23.817407 115.108432 92.445784
821 67.391304 -65.217391 32.608696
1140 15.064869 94.716091 -10.567818
1138 13.985790 90.479863 -19.040274
470 17.722793 -35.445586 34.943483
169 15.065819 -30.131638 31.218099
1431 18.511548 -37.023095 26.920484
1097 41.304348 -82.608696 41.304348
2241 43.131312 -86.262623 47.920980
842 88.372093 100.000000 100.000000
2507 87.496056 114.601531 92.699234
2508 86.278810 115.611387 92.194307
1168 0.000000 0.000000 36.842105
1124 26.414805 -52.829609 60.068862
7 26.923077 -53.846154 73.076923
791 87.778506 54.541159 124.442988
788 85.909333 57.216804 128.181335
832 86.586593 47.632270 126.826813
201 80.000000 0.000000 100.000000
205 80.434783 -39.130435 80.434783
1904 81.699597 -21.845853 89.077074
1205 100.000000 20.000000 100.000000
2746 99.101026 9.038006 101.797947
439 100.000000 0.000000 100.000000
109 -82.550628 49.664898 58.724686
379 -90.000000 55.000000 55.000000
2214 -90.012657 49.603725 54.993672
2509 66.428955 132.954736 83.522632
2510 67.943281 127.125732 86.437134
1207 97.777778 0.000000 100.000000
1970 98.070271 1.101104 102.202209
1966 96.776035 2.131690 104.263380
1034 15.208264 73.752375 130.416527
479 17.180398 75.269138 134.360796
579 15.644505 78.780372 131.289010
2784 24.060367 39.834970 148.120733
315 119.495709 43.015005 9.747855
312 124.580455 28.728195 12.290227
311 115.351164 24.709013 7.675582
168 16.099684 -32.199368 23.762671
166 12.575307 -25.150614 27.499609
660 13.488909 -26.977818 19.981313
13 0.000000 100.000000 44.444444
1149 3.490750 106.981499 41.265797
1083 86.956522 -26.086957 13.043478
396 89.130435 -21.739130 10.869565
1366 51.632908 127.578722 86.210639
1367 49.472653 127.316815 86.341593
1364 51.162791 100.000000 100.000000
47 117.695446 91.152277 85.376135
43 120.000000 90.000000 90.000000
1495 95.713410 -8.573180 37.965062
153 90.121802 -19.756396 65.414216
293 92.313501 -15.372998 58.838676
724 97.082659 -5.834682 32.506416
988 100.000000 0.000000 33.333333
1298 57.108647 -43.332765 78.333617
395 58.695652 -82.608696 58.695652
694 59.509480 -29.201534 85.399233
2684 36.300380 57.047102 -72.600761
1229 35.817864 49.062798 -71.635728
87 32.608696 -65.217391 32.608696
1915 32.413767 -38.604322 19.302161
1905 34.017593 -34.678444 17.339222
108 92.952901 114.094197 54.691457
926 89.186531 121.626938 46.052980
927 86.533744 126.932511 54.568603
860 19.565217 80.434783 -39.130435
861 20.037368 69.340571 -40.074736
1159 69.767442 100.000000 100.000000
2511 68.770454 137.289308 81.355346
976 135.513715 82.243143 23.273834
1325 154.545455 72.727273 27.272727
450 145.454545 77.272727 22.727273
267 0.000000 0.000000 68.421053
1450 92.697678 -7.295207 96.352396
1444 95.555556 0.000000 100.000000
1442 93.333333 0.000000 100.000000
104 19.047619 0.000000 0.000000
2100 19.170904 10.904335 -21.808670
2101 20.231453 8.249714 -16.499427
596 13.043478 126.086957 86.956522
867 26.086957 152.173913 73.913043
865 26.836385 128.072025 85.963987
869 28.260870 156.521739 71.739130
238 95.454545 95.454545 109.090909
237 97.727273 97.727273 104.545455
2402 97.472687 98.178075 103.643849
229 91.369988 -17.260025 33.772737
12 90.715454 -18.569092 27.535562
532 94.158494 111.683011 30.528961
1446 92.230826 115.538349 24.861183
1422 90.582475 118.835049 28.545083
921 18.346061 35.296380 136.692122
938 17.072991 41.483994 134.145981
1967 22.983424 89.128526 121.742948
212 20.454545 79.545455 140.909091
2653 143.230921 21.615460 54.954570
897 100.000000 0.000000 55.555556
2657 139.083575 19.541788 57.885033
282 52.272727 52.272727 195.454545
275 50.000000 50.000000 200.000000
846 77.724276 -44.551449 29.793323
841 73.913043 -52.173913 26.086957
776 0.000000 100.000000 77.777778
774 0.000000 100.000000 83.333333
251 80.628944 46.907853 138.742111
252 82.131152 37.867489 135.737696
2242 11.305661 -12.107022 93.946489
2262 10.224367 -11.484089 94.257955
1501 13.461538 -26.923077 86.538462
2249 12.609601 -11.158045 94.420978
515 140.148256 36.369260 79.925872
348 145.454545 22.727273 77.272727
482 131.864131 50.097912 84.067934
512 129.956499 31.703446 85.021751
2395 48.623624 23.183305 146.366609
2387 47.588249 22.644375 145.288749
340 40.909091 40.909091 -81.818182
342 39.894441 50.172657 -79.788881
2629 41.639187 50.868991 -83.278373
2636 42.609793 48.045815 -85.219585
124 100.000000 0.000000 77.777778
2349 14.677086 8.602781 117.205562
561 15.384615 15.384615 130.769231
2243 44.309443 -88.618885 48.598288
1116 34.883721 100.000000 0.000000
2630 34.734626 81.707402 -36.585196
1112 32.558140 100.000000 0.000000
1105 36.956522 63.043478 -73.913043
2631 35.792078 82.548472 -34.903055
306 100.000000 0.000000 16.666667
309 97.247018 -5.505965 17.597749
836 95.200076 44.734474 109.599848
365 92.699069 46.692328 114.601863
364 93.800887 32.573033 112.398226
1321 107.276776 72.833191 3.638388
2673 104.091921 87.071934 2.045961
1076 109.090909 95.454545 4.545455
699 71.705840 156.588320 35.600244
703 74.260758 151.478485 40.594405
839 74.648329 150.703341 33.160596
770 -62.500000 31.250000 68.750000
274 -75.000000 37.500000 62.500000
303 -50.299121 25.149561 64.399789
1051 97.727273 2.272727 104.545455
1350 20.968699 51.085938 141.937397
513 122.380386 25.626265 88.809807
718 114.781034 27.391546 92.609483
715 118.181818 9.090909 90.909091
511 127.272727 13.636364 86.363636
49 93.066570 73.040398 113.866860
28 -20.000000 90.000000 90.000000
1065 -13.802349 69.162920 93.098825
1062 -10.000000 95.000000 95.000000
683 13.922359 127.844718 25.814626
677 13.483581 126.967162 37.777887
978 -56.764681 45.574867 71.617659
489 28.439287 -27.658195 13.829097
352 30.515848 -29.550952 14.775476
359 28.260870 -56.521739 28.260870
1314 -72.312794 55.531012 36.156397
1150 -81.818182 59.090909 40.909091
1315 59.090909 181.818182 40.909091
1164 -45.454545 77.272727 22.727273
128 -36.363636 81.818182 18.181818
2220 -20.524744 89.737628 16.545626
1294 94.731848 -10.536305 19.251038
1883 -37.848074 18.924037 38.261593
1884 -39.722692 19.861346 34.695401
803 79.545455 140.909091 20.454545
800 77.272727 145.454545 22.727273
1285 79.864475 140.271051 28.679126
2322 92.364916 -9.384867 4.692433
2327 93.253806 -6.987900 3.493950
2301 94.314906 -5.523255 2.761628
835 95.938188 32.467858 108.123625
1142 11.627907 100.000000 0.000000
478 9.934863 96.635421 -6.729157
507 9.302326 100.000000 0.000000
38 25.000000 25.000000 150.000000
2785 24.992056 40.989549 149.984113
68 100.000000 0.000000 61.111111
154 97.504735 -4.990531 61.344209
484 140.316364 53.468980 79.841818
563 13.673285 20.636094 127.346571
1193 12.049639 24.501337 124.099278
1199 11.784778 17.369721 123.569556
483 121.709854 46.309059 89.145073
833 93.181818 6.818182 113.636364
871 95.454545 4.545455 109.090909
837 95.197759 17.605035 109.604483
1313 100.000000 0.000000 22.222222
989 100.000000 0.000000 27.777778
322 24.441618 -48.883237 48.408156
319 21.125588 -42.251175 46.215110
318 23.255798 -46.511596 36.047719
1144 6.976744 100.000000 0.000000
39 26.666667 0.000000 100.000000
2244 26.911903 -27.297897 86.351051
2245 28.092981 -33.487854 83.256073
82 92.307692 115.384615 92.307692
86 95.908337 108.183326 87.001849
823 92.470280 115.059439 87.415173
1256 55.813953 100.000000 100.000000
1368 53.488372 100.000000 100.000000
1101 39.130435 60.869565 -78.260870
1453 100.000000 100.000000 100.000000
239 100.000000 80.000000 100.000000
696 72.340200 155.319599 45.598184
701 72.827064 154.345872 55.214099
1347 18.990452 45.063526 137.980904
1273 24.790850 149.581700 48.893309
545 87.367992 25.341343 125.264017
546 88.636364 11.363636 122.727273
367 89.958179 22.435084 120.083641
244 9.329771 -18.659542 52.350210
2350 12.536169 5.622455 111.244910
192 70.454545 70.454545 -59.090909
1082 68.181818 68.181818 -63.636364
1420 23.327243 146.654487 52.969064
2436 45.525889 148.229266 24.114633
2035 46.666667 193.333333 46.666667
2482 46.534350 150.242981 25.121491
158 5.495934 110.991868 73.491049
1057 10.712575 121.425151 74.488759
1346 6.213458 112.426915 69.337157
2359 20.193021 8.027173 116.054345
1037 -7.949728 23.823181 3.974864
1035 -10.000000 5.000000 5.000000
1028 -16.844340 25.304300 8.422170
1490 36.538462 36.538462 173.076923
2353 37.509236 20.953121 141.906242
723 96.109446 -7.781109 92.252286
719 97.826087 -4.347826 97.826087
281 95.652174 -8.695652 95.652174
1277 95.265217 22.660599 -9.469565
1009 95.763869 34.725543 -8.472262
1010 97.110581 19.898055 -5.778838
1400 83.608409 30.948854 132.783183
223 -20.300582 89.849709 73.490076
225 -16.818347 91.590827 78.806112
941 12.571391 39.160354 125.142783
937 14.094815 42.725258 128.189631
242 5.366536 -10.733073 56.937996
1341 0.000000 0.000000 52.631579
2779 13.310396 4.711276 -9.422552
2103 14.142472 8.984548 -17.969095
2781 14.348623 5.356460 -10.712919
2104 32.463405 16.793608 -33.587216
686 31.818182 31.818182 -63.636364
628 15.645163 23.884064 -31.290326
787 86.782075 75.843485 126.435850
1102 86.046512 100.000000 0.000000
203 87.149237 112.671985 6.335993
189 88.372093 100.000000 0.000000
1493 7.332913 -14.665827 35.923090
472 11.327229 -22.654458 34.665503
581 84.782609 -30.434783 15.217391
2302 86.443848 -14.417890 7.208945
2303 87.851734 -14.695244 7.347622
440 78.846154 142.307692 78.846154
442 82.958479 134.083041 70.596021
437 79.838114 140.323773 69.600449
1373 55.769231 188.461538 55.769231
1412 55.785507 146.781619 76.609190
1410 57.692308 184.615385 57.692308
958 68.181818 31.818182 163.636364
324 23.913043 -47.826087 23.913043
317 20.876641 -41.753283 30.294304
899 77.816849 -44.366302 52.791786
901 80.484946 -39.030108 50.438410
808 100.000000 100.000000 21.052632
804 100.000000 100.000000 15.789474
1418 20.000244 140.000488 46.496182
1417 18.420454 136.840909 54.694749
1419 22.838402 145.676805 61.309206
2108 40.782310 20.560475 -41.120951
344 38.636364 38.636364 -77.272727
235 90.909091 90.909091 118.181818
944 90.169945 95.490810 109.018379
613 35.555556 0.000000 100.000000
2354 32.119248 14.942409 129.884818
1255 100.000000 100.000000 89.473684
1360 100.000000 100.000000 94.736842
2199 107.622520 96.188740 92.337671
1478 110.000000 95.000000 95.000000
1329 92.460827 13.970870 -15.078347
765 0.000000 0.000000 78.947368
525 0.000000 0.000000 84.210526
775 -13.424476 6.712238 80.558016
1436 5.290653 68.909203 110.581305
807 7.039406 74.977419 114.078812
2248 40.282724 -39.222068 80.388966
286 86.562661 -26.874679 56.572847
290 85.178748 -29.642505 63.579178
1287 82.648273 134.703454 34.384894
1301 79.842469 140.315062 36.822509
1053 30.232558 100.000000 100.000000
419 32.558140 100.000000 100.000000
1973 31.310168 82.103162 135.793677
1128 30.434783 69.565217 -60.869565
2688 30.817267 64.887588 -61.634533
1392 81.331925 -37.336151 30.513491
880 16.444320 68.369033 -32.888640
1401 14.916956 62.850276 -29.833912
1238 14.355842 74.650136 -28.711685
714 181.818182 59.090909 40.909091
2674 185.627128 49.572071 42.813564
2681 179.401440 49.016678 39.700720
1038 190.000000 45.000000 45.000000
2675 191.634055 49.779381 45.817027
2028 89.741537 109.945684 4.972842
956 90.697674 100.000000 0.000000
1021 75.112049 149.775903 59.852620
702 75.673899 148.652202 49.100470
873 63.636364 36.363636 172.727273
878 62.484194 50.340681 175.031613
877 61.363636 38.636364 177.272727
2747 102.536698 15.019822 98.731651
1050 8.695652 91.304348 -17.391304
1117 9.499102 79.750762 -18.998205
91 7.296400 82.713638 -14.592800
939 17.486553 50.506878 134.973105
578 17.766875 59.856974 135.533749
1396 13.936888 69.787636 127.873775
1171 -25.928914 12.964457 27.984252
1946 96.704787 -4.161020 97.919490
1916 95.364809 -5.810445 97.094777
1056 9.774919 119.549838 68.144943
1230 9.090909 9.090909 -18.181818
584 9.902016 -19.804033 24.850208
1309 87.866311 81.249490 -24.267378
818 88.636364 88.636364 -22.727273
670 98.911674 -2.176652 84.642636
2178 73.437500 26.562500 -53.125000
2574 73.319690 15.708530 -31.417060
2612 72.407251 14.026586 -28.053171
849 4.071476 -8.142952 22.712864
464 3.046170 -6.092340 19.231559
1184 6.972072 -13.944144 16.547539
382 -42.806974 78.596513 57.720800
1362 0.000000 100.000000 61.111111
963 110.000000 5.000000 5.000000
2200 106.956124 3.478062 8.020479
2201 104.239031 2.119516 4.644009
556 -18.789061 9.394531 83.773118
1157 -28.007809 14.003905 79.406700
2193 118.507997 9.253999 21.194037
2194 128.419965 14.209983 24.233222
2202 133.591828 16.795914 27.194296
477 122.538632 88.730684 79.651860
1359 100.000000 100.000000 84.210526
457 -7.515840 45.165063 96.242080
1232 0.000000 40.000000 100.000000
687 -4.725208 70.135634 97.637396
240 93.023256 100.000000 100.000000
2512 92.730884 108.439044 95.780478
2513 91.452182 107.663547 96.168227
1226 95.348837 100.000000 100.000000
1033 -30.167141 41.578071 15.083571
1032 -26.030748 27.906500 13.015374
1265 -36.406916 33.346158 18.203458
406 163.636364 68.181818 31.818182
831 65.909091 65.909091 -68.181818
829 63.636364 63.636364 -72.727273
2114 65.030850 79.472221 -41.055558
2203 124.564875 12.282438 30.869838
2204 107.497715 3.748858 11.812199
1269 82.608696 -34.782609 82.608696
1300 82.578467 -34.843065 77.810760
634 10.715160 121.430320 79.646735
167 17.391304 -34.782609 17.391304
1907 15.744199 -18.149861 9.074930
1908 17.052976 -17.153933 8.576967
656 18.330055 63.468032 -36.660111
748 50.000000 0.000000 0.000000
2115 49.190260 17.247063 -34.494127
749 52.380952 0.000000 0.000000
527 45.454545 45.454545 -90.909091
891 47.727273 47.727273 -95.454545
2116 47.285089 26.807205 -53.614410
587 118.852880 90.573560 24.507106
1508 100.000000 100.000000 26.315789
253 79.097399 59.321375 141.805202
601 81.598031 59.312321 136.803938
1173 -9.090909 95.454545 4.545455
2221 -7.355798 96.322101 7.620839
2229 -4.111677 97.944162 4.430462
92 10.869565 89.130435 -21.739130
95 9.737274 92.980782 -14.038437
332 8.093876 14.917934 116.187751
262 6.442398 17.832053 112.884796
665 84.625651 90.861704 118.276592
137 87.369033 93.558752 112.882495
399 2.633771 42.036874 105.267542
1485 3.646361 58.100211 107.292722
1066 0.000000 60.000000 100.000000
250 38.461538 -76.923077 61.538462
923 38.706578 -77.413155 49.324802
1063 100.000000 0.000000 94.444444
2659 113.981278 6.990639 90.600734
2660 109.163523 4.581761 93.449171
2656 115.288320 7.644160 87.837329
254 13.043478 86.956522 -26.086957
93 11.807613 77.149365 -23.615226
642 50.000000 200.000000 50.000000
2030 49.120106 156.803642 28.401821
2031 48.333333 196.666667 48.333333
1492 3.456087 -6.912175 28.134371
889 6.883050 -13.766099 23.335065
496 -90.000000 45.000000 45.000000
1361 -80.000000 40.000000 40.000000
1885 -40.708884 20.354442 46.300987
979 13.333333 0.000000 100.000000
2250 13.836363 -16.760124 91.619938
573 6.511800 27.786728 -13.023601
633 7.513344 39.942747 -15.026688
569 8.474866 31.075309 -16.949733
574 100.000000 100.000000 78.947368
1358 4.651163 100.000000 0.000000
2438 5.008740 104.487017 2.243509
700 69.327955 161.344090 41.212162
1249 13.022513 126.045026 65.418412
1421 15.903002 131.806004 60.908414
995 84.090909 84.090909 131.818182
230 92.039537 -15.920926 40.707682
2288 2.446200 -4.892400 93.696146
2291 1.959526 -3.919053 95.363252
2251 41.966344 -33.647075 83.176463
1288 85.725715 128.548569 33.104228
964 97.619048 0.000000 0.000000
2548 95.864336 2.048208 -4.096417
2117 90.768342 95.104542 -9.790915
2118 89.396532 95.576222 -8.847557
813 93.023256 100.000000 0.000000
380 -80.000000 60.000000 60.000000
1910 45.110410 -35.759842 17.879921
2223 -37.382007 81.308996 40.450301
523 95.347485 82.443101 109.305029
609 2.619019 65.750254 -5.238037
981 37.209302 100.000000 100.000000
1974 37.706867 84.935439 130.129121
1018 63.175071 -31.622316 84.188842
1019 61.252578 -49.267743 75.366128
883 63.043478 -73.913043 63.043478
1337 71.739130 -56.521739 71.739130
1095 69.565217 -60.869565 69.565217
1094 72.187963 -55.624073 62.371972
1135 69.230769 161.538462 69.230769
619 34.615385 34.615385 169.230769
1303 76.935519 146.128962 39.512530
308 -61.743409 52.290062 30.871705
466 -63.005337 42.423952 31.502669
999 100.000000 100.000000 47.368421
948 137.566747 81.216627 50.133948
1002 147.389308 76.305346 44.151339
898 200.000000 50.000000 50.000000
2407 78.879399 91.012342 117.975316
1304 79.927074 140.145853 46.413528
215 25.000000 75.000000 150.000000
1975 27.510863 87.639243 124.721513
2529 69.603088 132.397732 83.801134
2046 33.333333 166.666667 33.333333
2059 31.666667 163.333333 31.666667
2492 35.236256 170.472512 43.462085
474 -60.000000 30.000000 30.000000
850 70.454545 159.090909 29.545455
255 78.185205 43.153923 143.629591
202 77.272727 22.727273 145.454545
207 79.912412 33.066592 140.175175
2450 19.695226 117.727430 8.863715
2446 19.909369 121.667361 10.833680
859 20.930233 100.000000 0.000000
2441 18.146399 114.393401 7.196701
1198 45.454545 54.545455 190.909091
2389 43.870450 48.520429 187.740900
2383 44.930240 48.307222 189.860481
519 9.264196 -18.528391 82.337554
2634 39.328920 80.382526 -39.234948
1092 69.932341 -60.135319 58.624014
301 67.391304 -65.217391 67.391304
1375 14.285714 0.000000 0.000000
2822 13.086733 2.068848 -4.137697
2823 13.897304 3.031974 -6.063948
1166 30.561804 -61.123608 56.292235
975 12.096608 80.558929 124.193216
176 11.757834 76.325133 123.515668
1509 13.530263 76.038421 127.060526
384 -50.215918 74.892041 65.186383
339 -70.000000 65.000000 65.000000
224 -43.643092 78.178454 69.401543
94 6.521739 93.478261 -13.043478
786 85.123896 68.553903 129.752208
618 32.344383 49.356668 164.688766
310 106.802238 21.494872 3.401119
1172 -71.593234 45.872346 35.796617
1169 -70.000000 35.000000 35.000000
779 5.933533 111.867065 25.387043
1181 0.000000 0.000000 26.315789
61 163.636364 31.818182 68.181818
62 164.195226 42.318356 67.902387
1235 155.913897 38.114187 72.043051
2205 111.329492 94.335254 89.296873
320 20.117536 -40.235072 38.201964
1189 60.869565 -78.260870 60.869565
536 89.276764 121.446473 33.498338
510 4.761905 0.000000 0.000000
2121 5.746987 2.861347 -5.722694
353 7.142857 0.000000 0.000000
174 2.380952 0.000000 0.000000
2128 3.403693 2.052903 -4.105806
2122 4.167798 1.891941 -3.783882
81 34.225022 -68.450044 48.662065
2404 71.947265 87.530305 124.939390
854 98.737682 21.357906 -2.524636
1336 100.000000 40.000000 0.000000
1257 53.724717 131.024201 84.487900
222 -36.828327 81.585836 74.376047
24 -50.000000 75.000000 75.000000
23 -30.207942 84.896029 79.558552
441 93.181818 93.181818 113.636364
2405 92.182105 95.331466 109.337069
704 15.379704 38.535953 130.759408
2750 98.084733 47.225007 -3.830534
1006 96.602829 53.395219 -6.794341
2760 99.054640 51.241892 -1.890720
1380 -82.497863 49.989050 41.248931
1345 0.000000 100.000000 66.666667
1486 2.480442 76.293931 104.960884
624 2.272727 97.727273 104.545455
1976 1.419027 86.254139 102.838054
977 -50.000000 25.000000 75.000000
757 90.384615 119.230769 90.384615
1476 94.230769 111.538462 94.230769
2535 94.725418 106.414534 96.792733
2528 95.453347 105.764342 97.117829
641 48.837209 100.000000 0.000000
2106 50.491508 74.930202 -50.139597
2107 48.983844 71.296598 -57.406805
888 47.826087 52.173913 -95.652174
2635 47.764417 79.378873 -41.242253
1165 28.485089 -56.970178 45.975565
1127 0.000000 0.000000 31.578947
1435 6.244009 56.434287 112.488018
1279 61.538462 176.923077 61.538462
623 32.692308 -65.384615 67.307692
580 32.410409 -64.820817 53.661312
708 13.855560 35.443095 127.711121
1390 17.777778 0.000000 100.000000
2351 18.595376 9.036342 118.072685
2352 17.062998 9.652420 119.304840
2357 16.249529 6.533449 113.066899
170 10.193182 -20.386363 18.104528
996 172.727273 63.636364 36.363636
540 85.458052 33.328618 129.083896
22 -13.573228 93.213386 84.300886
30 0.000000 100.000000 88.888889
2252 19.108147 -21.499048 89.250476
1047 45.345248 158.555486 70.722257
1071 14.441404 -28.882809 80.292412
1069 11.894436 -23.788873 75.941702
1072 15.497416 -30.994832 77.215337
1467 130.000000 15.000000 15.000000
2206 112.628018 6.314009 17.931001
1477 115.945183 70.859441 92.027409
323 26.086957 -52.173913 26.086957
321 26.229201 -52.458402 39.214497
643 51.162791 100.000000 0.000000
2125 51.692478 76.011885 -47.976230
721 161.289729 58.998896 30.644865
1384 79.448206 64.755263 -41.103588
2751 81.823086 51.396075 -36.353828
2752 79.429390 56.775750 -41.141220
2077 77.020000 120.714470 10.357235
2067 76.606781 126.506176 13.253088
625 12.206808 32.412376 -24.413617
1224 12.934119 24.808411 -25.868238
1913 73.459013 -30.926207 84.536897
1929 72.495445 -29.171870 85.414065
2836 74.462529 -16.107607 91.946197
1914 74.810598 -31.582112 84.208944
2837 75.154146 -18.029715 90.985142
2406 53.990135 50.285194 192.019731
371 89.304014 52.012000 121.391972
362 90.279887 44.593717 119.440226
543 85.600912 41.664172 128.798175
2253 23.090312 -25.184549 87.407726
1218 138.540215 80.729892 62.393729
1220 180.000000 60.000000 60.000000
598 163.786504 68.106748 54.424988
8 64.194295 171.611411 55.653415
1408 65.082169 169.835663 46.346401
1323 142.184390 57.894774 21.092195
118 100.000000 100.000000 10.526316
2676 111.220869 94.389566 12.160776
2677 107.520365 96.239817 8.827243
245 4.409157 -8.818314 63.777843
155 96.267176 -7.465648 58.205527
2797 95.645060 -8.709880 54.302468
2798 97.978059 -4.043882 54.515888
1059 15.217391 130.434783 84.782609
400 43.478261 56.521739 -86.956522
248 16.178757 -32.357514 58.200420
241 12.663565 -25.327130 56.523976
5 65.116279 100.000000 100.000000
2524 64.590155 141.763684 79.118158
2516 63.608343 130.523430 84.738285
2515 62.083044 137.776541 81.111729
2519 60.634104 146.135817 76.932092
460 92.807318 114.385364 78.588284
826 88.885428 122.229144 83.495806
886 92.369457 115.261087 83.277574
456 -12.500000 6.250000 93.750000
25 -33.524224 65.387255 83.237888
26 -23.574888 67.497582 88.212556
19 -30.000000 85.000000 85.000000
876 15.731162 46.268904 131.462323
354 33.333333 0.000000 0.000000
197 155.750971 58.960336 72.124515
350 155.362665 66.602087 72.318667
473 148.205148 67.573236 75.897426
780 56.818182 186.363636 43.181818
420 97.342756 105.314488 21.276388
80 48.888889 0.000000 100.000000
2254 47.209811 -38.506028 80.746986
2233 48.556207 -45.832928 77.083536
2442 8.939175 107.719330 3.859665
1099 6.666667 113.333333 6.666667
2443 7.752028 105.494307 2.747153
874 83.720930 100.000000 0.000000
1502 85.002008 114.695677 7.347838
946 190.909091 54.545455 45.454545
425 -20.000000 10.000000 10.000000
432 -8.350747 4.175374 8.519017
1462 87.762273 -12.053722 93.973139
590 44.444444 0.000000 100.000000
2273 43.385484 -42.188686 78.905657
2270 44.292084 -35.895283 82.052358
1469 40.384615 -80.769231 59.615385
2255 42.497716 -48.244075 75.877962
1133 19.378690 56.071821 138.757380
209 19.890134 67.356675 139.780267
1307 87.999157 24.396613 -24.001686
680 86.176675 32.032852 -27.646650
206 79.545455 20.454545 140.909091
1123 22.779445 -45.558890 58.395034
553 -40.262762 36.347026 79.868619
552 -37.028676 48.801815 81.485662
557 -46.623623 47.863125 76.688188
539 86.363636 13.636364 127.272727
616 86.399639 7.557491 115.114983
1470 43.675089 79.715179 140.569641
15 46.511628 100.000000 100.000000
21 -24.027750 87.986125 84.868267
904 82.605580 -34.788839 44.758240
783 56.818182 56.818182 -86.363636
1437 54.545455 54.545455 -90.909091
2126 55.782934 75.018528 -49.962944
620 6.703464 -13.406929 29.660879
1262 9.568186 -19.136372 30.519858
2637 21.418282 88.575432 -22.849137
858 19.652388 89.658612 -20.682776
582 36.538462 -73.076923 63.461538
389 87.600313 -24.799375 19.039578
2678 186.173899 56.913051 51.219883
2517 97.305655 105.388689 92.898586
67 181.818182 40.909091 59.090909
2802 122.820042 11.410021 59.251761
2803 127.467901 13.733950 61.134732
1013 60.257825 50.058849 179.484350
568 7.707038 20.724756 -15.414076
567 9.146188 17.422795 -18.292377
1008 97.584216 35.956780 -4.831567
73 90.917382 15.786434 -18.165235
164 89.585571 24.244800 -20.828858
974 9.302326 100.000000 100.000000
2038 10.841599 113.686130 93.156935
2039 9.346015 109.117868 95.441066
2662 133.537903 16.768952 64.530684
2663 131.430957 15.715478 67.380412
1183 2.188066 -4.376131 15.876990
191 0.000000 0.000000 0.000000
2127 2.520565 1.774217 -3.548434
1143 16.279070 100.000000 0.000000
840 13.333333 126.666667 13.333333
2453 14.178180 115.245682 7.622841
1259 150.000000 75.000000 75.000000
231 92.356943 -15.286114 46.370367
602 84.193293 75.429389 -31.613414
1344 86.201357 78.092716 -27.597286
1343 86.305727 69.057217 -27.388546
360 89.065399 34.876111 121.869203
363 88.347581 45.279259 123.304838
606 84.473313 66.535041 -31.053375
1383 84.741719 56.968215 -30.516562
1357 39.116710 147.044352 76.477824
1296 39.130435 178.260870 60.869565
870 97.879034 24.206458 104.241933
1085 90.625000 9.375000 -18.750000
2550 89.206352 5.819819 -11.639638
691 60.000000 0.000000 100.000000
690 57.777778 0.000000 100.000000
2257 8.052974 -10.722690 94.638655
799 77.260587 145.478827 30.983672
812 90.909091 90.909091 -18.181818
2129 93.087859 96.008678 -7.982643
2157 94.117017 96.455583 -7.088833
2156 94.849552 96.631837 -6.736326
99 21.428571 0.000000 0.000000
2131 21.055625 9.889688 -19.779375
84 13.043478 -26.086957 13.043478
658 0.000000 100.000000 11.111111
2222 -12.750384 93.624808 10.991544
126 -27.272727 86.363636 13.636364
2225 -10.941574 94.529213 13.498495
1026 12.314633 31.935251 124.629267
1217 162.857206 61.476865 68.571397
1379 15.749265 68.886306 131.498529
390 61.904762 0.000000 0.000000
1312 62.564370 -38.102460 19.051230
391 60.461634 -40.434916 20.217458
949 16.279070 100.000000 100.000000
952 17.700555 120.046179 89.976911
551 13.953488 100.000000 100.000000
349 100.000000 0.000000 83.333333
1480 10.602050 28.348554 121.204101
1429 11.056024 35.918553 122.112049
376 9.348481 33.124270 118.696963
156 90.985321 -18.029358 76.236140
1356 88.105818 -23.788365 76.306370
1074 -20.217462 60.746865 10.108731
1457 -28.398788 70.833734 14.199394
125 -21.581107 77.138362 10.790554
1197 20.052110 45.695040 -40.104220
855 22.694165 45.799514 -45.388330
857 21.629995 34.334308 -43.259990
520 15.384615 -30.769231 84.615385
604 12.122862 -24.245725 80.997329
1152 6.273309 112.546618 32.034200
746 8.854251 117.708502 22.696406
2188 56.250000 43.750000 -87.500000
2580 57.281510 26.224824 -52.449648
2620 56.674973 24.156776 -48.313553
564 15.555556 0.000000 100.000000
2246 16.416728 -15.639098 92.180451
2463 1.735476 101.452504 0.726252
2444 2.949657 102.476683 1.238341
2445 3.985723 103.407592 1.703796
1917 94.274076 -6.537283 96.731359
159 50.000000 -100.000000 50.000000
2259 47.944914 -95.889829 51.288697
2745 48.252961 -96.505922 49.957807
163 48.076923 -96.153846 51.923077
78 46.153846 -92.307692 53.846154
111 95.016753 109.966494 47.060923
1466 134.005315 33.266616 17.002658
1030 -29.017404 54.841465 14.508702
856 25.000000 25.000000 -50.000000
2134 25.508214 13.417281 -26.834563
2135 24.043409 14.639999 -29.279998
1137 27.272727 27.272727 -54.545455
313 120.000000 10.000000 10.000000
1911 18.336019 -22.030285 11.015142
1918 19.418986 -18.814127 9.407064
1919 20.419237 -19.421287 9.710643
550 -25.000000 12.500000 87.500000
188 22.279433 63.464517 -44.558866
1196 20.301744 56.914673 -40.603487
2136 88.508188 94.140202 -11.719595
722 86.538462 126.923077 86.538462
2531 88.473909 114.305493 92.847254
2520 89.163446 115.697364 92.151318
361 91.367665 33.586968 117.264671
368 92.402566 20.351535 115.194867
296 92.798011 68.167233 -14.403978
793 26.248238 -27.702566 13.851283
421 30.924118 116.223600 91.888200
1119 18.440787 -36.881575 66.023130
1120 22.340422 -44.680845 67.665142
1121 21.240890 -42.481779 72.893306
2828 80.099160 -39.801680 73.260394
743 81.172931 -37.654138 75.847159
947 90.909091 118.181818 9.090909
816 93.181818 113.636364 6.818182
1463 89.130435 -21.739130 89.130435
516 100.000000 0.000000 88.888889
2664 114.112280 7.056140 84.908088
1214 88.436128 -23.127744 24.153031
1506 85.534317 -28.931365 22.747796
1039 7.472210 95.864289 -8.271422
1879 4.347826 108.695652 95.652174
1880 6.521739 113.043478 93.478261
2083 3.211067 106.422133 92.687974
449 -6.779231 81.787612 3.389616
130 -13.834741 76.838486 6.917371
1352 23.076923 23.076923 146.153846
2786 21.758062 28.285240 143.516124
499 61.363636 61.363636 177.272727
2408 63.342058 81.699113 136.601774
2409 62.132043 79.695650 140.608700
810 96.202134 107.595732 78.646875
1977 32.814877 86.990085 126.019830
426 34.883721 100.000000 100.000000
1978 33.504175 84.665446 130.669107
234 85.937334 -28.125333 42.329294
805 118.907609 90.546196 18.790797
465 190.909091 45.454545 54.545455
2665 147.574676 23.787338 52.650465
2212 156.158694 28.079347 51.101836
2552 96.833369 2.293171 -4.586342
2553 96.407313 2.257220 -4.514440
1415 119.152942 90.423529 33.451127
337 170.000000 65.000000 65.000000
970 8.760094 85.357805 117.520187
2522 59.468516 135.210235 82.394883
638 8.806266 49.477349 -17.612532
652 10.651982 48.547216 -21.303963
635 9.529671 40.284057 -19.059342
662 83.720930 100.000000 100.000000
2410 80.528345 89.045453 121.909093
2411 81.716653 88.121908 123.756185
2413 79.518955 89.332631 121.334739
105 18.181818 18.181818 -36.363636
387 59.523810 0.000000 0.000000
2025 45.000000 190.000000 45.000000
2467 46.424470 192.848941 48.370275
2483 47.232221 194.464443 49.117273
2412 82.970354 90.200448 119.599103
461 87.901517 124.196966 75.279971
1458 0.000000 0.000000 100.000000
2215 -5.325521 2.662760 94.550076
1276 93.380784 26.647816 -13.238432
1305 89.050910 40.806592 -21.898179
172 90.622338 36.569840 -18.755323
4 63.461538 173.076923 63.461538
2 65.384615 169.230769 65.384615
2525 65.380001 135.987297 82.006351
333 11.198518 122.397037 56.597897
705 72.785335 154.429329 63.213565
1136 71.153846 157.692308 71.153846
1023 74.028502 151.942995 68.195232
766 85.937500 14.062500 -28.125000
760 84.375000 15.625000 -31.250000
672 84.865961 26.996545 -30.268077
338 40.476190 0.000000 0.000000
345 38.095238 0.000000 0.000000
2138 38.319988 18.206718 -36.413436
585 36.363636 36.363636 -72.727273
2139 36.794784 14.889419 -29.778838
221 -60.000000 70.000000 70.000000
907 79.959981 -40.080037 37.143611
1483 97.613183 43.220288 104.773633
190 21.739130 78.260870 -43.478261
537 93.124776 113.750448 35.069846
931 91.836451 116.327099 40.270936
305 66.928741 -34.484173 82.757914
1497 68.888889 0.000000 100.000000
879 66.666667 0.000000 100.000000
1190 100.000000 60.000000 100.000000
1206 100.000000 40.000000 100.000000
2448 23.630647 122.668351 11.334176
2447 24.779623 122.017860 11.008930
735 74.460599 -51.078802 65.704370
734 76.699751 -46.600498 68.596448
725 73.913043 -52.173913 73.913043
2738 29.469504 43.567465 -58.939007
2739 28.180995 39.472826 -56.361990
500 63.636364 63.636364 172.727273
875 64.647338 51.985237 170.705325
732 77.777778 0.000000 100.000000
1920 77.717586 -22.318681 88.840660
731 76.086957 -47.826087 76.086957
2838 77.037112 -32.551994 83.724003
2839 76.406424 -30.788833 84.605583
932 88.289243 123.421514 38.593364
769 43.478261 -86.956522 43.478261
1922 45.860957 -50.425374 25.212687
487 94.489460 -11.021081 50.206528
2799 92.822164 -14.355671 54.048188
498 67.441860 100.000000 100.000000
187 26.116194 87.839414 -24.321171
385 56.521739 -86.956522 43.478261
2306 58.165490 -51.506264 25.753132
388 58.695652 -82.608696 41.304348
2307 59.211647 -43.637469 21.818734
922 40.694568 -81.389135 49.587009
920 39.130435 -78.260870 39.130435
630 13.636364 13.636364 -27.272727
745 74.047018 54.057329 151.905964
733 72.727273 27.272727 154.545455
1067 81.710992 27.288467 136.578016
1043 87.584473 124.831054 62.355969
1179 83.174451 133.651098 62.331252
811 89.218498 60.530232 121.563003
458 -27.124595 48.256076 86.437702
548 -31.219665 32.189354 84.390167
502 97.656595 76.322271 104.686810
1107 88.794890 -22.410221 81.906969
1041 91.546665 -16.906670 81.221541
2140 35.480774 19.876742 -39.753483
1409 67.585094 164.829812 48.297726
847 78.260870 -43.478261 21.739130
2298 79.261029 -23.835165 11.917583
335 0.000000 0.000000 5.263158
2764 -3.163394 1.581697 7.385507
1886 -4.302828 2.151414 5.233536
509 44.794613 128.455339 85.772330
14 47.150058 128.981272 85.509364
1154 30.769231 30.769231 161.538462
559 19.230769 19.230769 138.461538
1100 3.333333 106.666667 3.333333
2461 1.414768 102.829536 4.106398
2449 1.303481 102.606961 7.144281
1192 61.363636 61.363636 -77.272727
1221 59.090909 59.090909 -81.818182
2141 60.081974 75.962601 -48.074799
1122 18.552268 -37.104537 52.728580
2549 90.380927 4.360886 -8.721772
1425 63.636364 172.727273 36.363636
2260 14.392726 -14.950269 92.524866
565 17.307692 -34.615385 82.692308
657 2.748301 105.496602 15.827432
1134 0.000000 100.000000 27.777778
790 89.017792 70.772755 121.964416
1118 19.658336 -39.316672 60.602461
1377 62.790698 100.000000 0.000000
2019 64.393097 137.765443 18.882722
1427 65.116279 100.000000 0.000000
1348 19.219570 28.906584 138.439140
759 78.571429 0.000000 0.000000
2556 81.802543 9.902247 -19.804494
2555 82.516826 7.549446 -15.098892
2109 42.261358 24.466508 -48.933016
1272 32.608696 165.217391 67.391304
1170 -57.408175 35.027049 28.704088
1029 -22.766094 42.210474 11.383047
398 3.053838 106.107677 21.682918
140 88.461538 123.076923 88.461538
640 89.431767 121.136465 15.115383
530 90.757178 118.485644 19.498623
928 92.176492 115.647016 16.222578
2026 43.333333 186.666667 43.333333
2470 43.237939 154.100490 27.050245
2042 41.666667 183.333333 41.666667
2468 44.148194 188.296388 50.135779
2469 42.879826 185.759652 47.582477
688 18.417331 53.720364 -36.834662
2142 91.947137 95.505578 -8.988844
186 23.351379 86.382245 -27.235510
64 154.545455 27.272727 72.727273
131 148.857462 33.814806 75.571269
744 75.656588 38.942474 148.686825
1333 43.181818 56.818182 186.363636
1015 62.222222 0.000000 100.000000
2143 1.117927 13.978224 -2.235855
2414 93.626414 97.075609 105.848782
261 2.222222 0.000000 100.000000
2343 3.981296 3.012783 106.025566
2378 3.065253 2.108627 104.217254
334 1.923077 1.923077 103.846154
2363 2.211341 1.575572 103.151143
1941 42.145880 -43.178815 21.589408
2415 98.845967 88.512386 102.308066
2364 26.614355 10.882007 121.764014
2207 114.632094 7.316047 14.572081
366 3.846154 3.846154 107.692308
1188 -30.000000 15.000000 15.000000
20 -10.385330 94.807335 90.350163
1000 100.000000 100.000000 42.105263
998 96.124636 107.750728 41.350164
1926 4.292077 -3.025220 1.512610
1944 3.129812 -3.435942 1.717971
1909 14.385259 -17.662490 8.831245
171 15.217391 -30.434783 15.217391
1416 100.000000 100.000000 31.578947
331 4.961141 39.307224 -9.922282
1108 33.912154 147.026472 76.486764
2416 52.993138 49.103103 194.013723
27 -43.417186 62.768057 78.291407
893 64.821063 -36.005930 18.002965
393 64.285714 0.000000 0.000000
430 44.186047 100.000000 100.000000
1924 22.915865 -21.410526 10.705263
597 123.315578 88.342211 56.772813
415 25.000000 -50.000000 75.000000
985 23.076923 -46.153846 76.923077
454 0.000000 20.000000 100.000000
1395 82.351141 -35.297718 24.204781
2753 83.622393 49.349409 -32.755214
2754 84.290895 52.017430 -31.418209
2755 85.082329 50.902547 -29.835342
258 4.886878 28.228777 109.773756
1253 83.656992 -32.686016 73.179495
1438 85.018935 -29.962130 76.983666
462 80.769231 138.461538 80.769231
1191 63.043478 -73.913043 36.956522
825 65.217391 -69.565217 34.782609
1326 144.209929 40.962318 22.104965
386 90.201353 -19.597294 22.269787
1075 82.028488 -35.943024 67.932113
736 78.810886 -42.378227 70.786807
1979 80.707922 8.125889 116.251777
830 18.044143 45.648310 -36.088285
554 19.225283 37.753072 -38.450566
882 64.912632 -34.930792 82.534604
1125 93.253394 -13.493211 76.017543
1468 13.640996 55.721408 -27.281993
1451 11.904762 0.000000 0.000000
1939 10.269840 -10.020272 5.010136
1925 9.210464 -8.347849 4.173924
741 55.522676 188.954648 49.660863
374 9.202373 47.340575 118.404746
2440 18.949056 115.909028 7.954514
2666 125.081628 12.540814 77.869168
789 87.305017 64.576390 125.389967
637 6.796320 51.725816 -13.592640
1045 93.668212 112.663577 66.761815
600 100.000000 100.000000 63.157895
599 100.000000 100.000000 57.894737
329 -5.333520 66.306161 2.666760
122 0.000000 75.000000 0.000000
2487 31.408145 162.816291 44.803905
2145 60.937500 39.062500 -78.125000
2133 59.375000 40.625000 -81.250000
2583 58.827463 46.165522 -82.345073
1424 92.187500 7.812500 -15.625000
2557 91.695283 3.157997 -6.315995
1086 90.476190 0.000000 0.000000
2558 92.574653 3.616600 -7.233201
100 20.454545 20.454545 -40.909091
2130 22.107929 10.854491 -21.708982
1162 73.076923 153.846154 73.076923
1399 16.770942 58.962997 -33.541884
915 17.004994 51.633134 -34.009988
610 88.388265 72.365657 -23.223469
576 6.818182 6.818182 -13.636364
794 24.356390 -25.416701 12.708351
2690 -9.388030 71.353037 4.694015
827 69.748515 -35.940607 17.970303
824 -24.513727 87.743136 68.356751
822 67.148760 -34.454858 17.227429
257 2.040096 20.965282 104.080192
2366 0.990793 10.722090 101.981587
1877 97.826087 -4.347826 2.173913
2337 98.987265 -2.025469 3.053169
2311 98.122975 -3.754051 4.483209
2310 96.434645 -3.431094 1.715547
2332 95.409955 -4.412500 2.206250
2478 35.487891 140.839935 20.419968
2476 37.000202 138.322963 19.161481
446 0.000000 100.000000 0.000000
2691 -3.028188 80.773443 1.514094
2826 34.197592 159.630233 70.184884
1338 4.347826 -8.695652 4.347826
2821 3.698095 -6.661188 3.330594
2815 4.658752 -7.980860 3.990430
838 72.727273 154.545455 27.272727
433 41.420130 80.312965 139.374069
586 40.909091 59.090909 181.818182
2526 70.643686 130.763158 84.618421
894 63.681650 -72.636699 50.990459
1365 0.000000 100.000000 72.222222
942 16.022733 62.078284 132.045465
2312 77.992912 -17.688036 8.844018
675 14.200350 128.400700 49.568101
121 114.117398 57.678543 7.058699
120 123.066119 60.579740 11.533059
1247 17.295943 93.362140 -13.275720
1388 4.444444 0.000000 100.000000
2289 4.854927 -6.083077 96.958461
2258 6.092272 -6.875301 96.562350
77 46.666667 0.000000 100.000000
2263 45.783445 -54.389521 72.805240
392 60.869565 -78.260870 39.130435
784 6.818182 93.181818 113.636364
116 116.265917 75.672923 8.132958
706 118.181818 90.909091 9.090909
1928 71.450302 -29.239535 85.380232
728 73.333333 0.000000 100.000000
913 81.395349 100.000000 0.000000
531 88.602070 122.795859 21.905594
1432 87.849112 124.301775 17.213011
729 172.063749 55.965213 63.968125
1126 172.904246 46.410101 63.547877
346 37.747220 51.056280 -75.494440
485 -53.326592 59.556146 73.336704
1073 -11.604630 60.479890 5.802315
1031 -14.319468 42.885642 7.159734
1158 -48.941844 34.130836 75.529078
448 75.037228 125.529181 87.235409
1161 74.418605 100.000000 100.000000
755 92.122786 48.066577 -15.754427
754 93.879877 36.771745 -12.240245
756 92.006280 36.976541 -15.987440
182 24.991149 54.384520 -49.982297
184 26.086957 73.913043 -52.173913
595 -6.534558 44.749146 3.267279
1484 16.280558 46.096858 -32.561116
1402 15.511995 53.737142 -31.023991
844 72.488684 -55.022632 39.989579
980 71.739130 -56.521739 28.260870
495 -90.909091 54.545455 45.454545
2227 -53.717463 73.141268 46.660713
648 9.958160 56.330547 -19.916321
2710 15.899828 95.028376 109.943248
2705 16.705647 95.739099 108.521802
2047 51.580466 132.121641 16.060821
2062 50.452627 146.094957 23.047479
1327 94.220492 111.559016 72.289808
1983 68.011106 19.633561 139.267122
2049 97.401642 103.495451 1.747726
707 97.727273 104.545455 2.272727
1139 12.713499 95.633465 -8.733070
521 13.953488 100.000000 0.000000
992 180.000000 40.000000 40.000000
327 0.000000 25.000000 0.000000
297 93.342490 55.800624 -13.315021
298 91.449534 60.426918 -17.100932
806 88.636364 122.727273 11.363636
402 90.807822 118.384356 12.758086
2419 67.626437 85.811286 128.377428
277 52.272727 47.727273 195.454545
2417 51.884648 49.775776 196.230704
2029 91.359192 107.428780 3.714390
369 90.909091 9.090909 118.181818
1163 26.844875 -53.689749 50.507716
535 86.363636 127.272727 13.636364
1874 5.769231 -11.538462 94.230769
146 54.761905 0.000000 0.000000
2314 52.882467 -37.915380 18.957690
141 52.173913 -95.652174 47.826087
2333 53.753688 -54.052454 27.026227
1044 92.348808 115.302384 62.275409
2146 8.474868 5.970485 -11.940971
2152 9.387900 4.637681 -9.275363
101 20.081139 29.030952 -40.162279
102 22.727273 22.727273 -45.454545
764 81.946056 38.593480 -36.107888
2722 65.469164 43.508108 169.061671
476 90.340386 44.879819 -19.319228
1369 8.449022 116.898045 15.979181
661 5.906351 111.812702 17.791635
381 -32.922770 83.538615 63.173619
1423 20.934646 141.869291 68.043070
571 5.999481 15.924242 -11.998962
336 4.545455 4.545455 -9.090909
193 10.169951 20.478794 120.339903
2787 18.614405 23.331568 137.228809
265 8.673572 24.133118 117.347145
165 83.849844 58.925173 132.300312
2147 7.045723 3.912503 -7.825007
2801 91.316770 -17.366460 55.324137
2800 89.785383 -20.429234 56.840550
549 -37.500000 18.750000 81.250000
2054 8.739839 110.164078 94.917961
773 8.695652 117.391304 91.304348
2052 6.669234 109.501369 95.249316
397 43.181818 43.181818 -86.363636
2638 43.840606 48.747436 -87.681213
1311 0.000000 0.000000 47.368421
263 7.384677 30.097105 114.769354
110 100.000000 100.000000 52.631579
887 46.511628 100.000000 0.000000
2639 46.663319 73.423856 -53.152287
2651 45.562288 81.218669 -37.562662
1381 13.857197 81.713206 127.714393
785 95.390042 109.219917 83.057768
401 41.860465 100.000000 0.000000
622 34.615385 -69.230769 65.384615
2261 38.661625 -43.993028 78.003486
669 50.113958 147.780906 76.109547
1049 47.938997 159.559991 70.220005
2164 23.172033 12.055441 -24.110881
1320 86.956522 -26.086957 86.956522
1447 84.782609 -30.434783 84.782609
2308 51.341876 -39.872270 19.936135
501 11.714078 91.969415 -16.061171
2367 24.373964 9.068949 118.137898
2376 24.839248 11.562542 123.125083
2341 22.842540 10.705281 121.410563
1503 6.521739 -13.043478 6.521739
2769 8.168828 -6.036061 3.018030
1114 37.376362 153.104862 73.447569
1931 82.996300 -15.037954 92.481023
1932 84.006542 -18.561310 90.719345
2266 24.459797 -19.970800 90.014600
2695 21.187147 110.546606 94.726697
593 38.636364 61.363636 177.272727
2680 114.350301 92.824849 15.094353
848 79.364992 -41.270017 24.954831
845 76.086957 -47.826087 23.913043
2788 19.714367 24.057078 139.428733
2789 20.353244 27.662623 140.706488
2149 43.576430 17.681155 -35.362310
1302 82.418888 135.162224 40.961302
930 84.255872 131.488257 47.145244
200 75.000000 25.000000 150.000000
1985 75.266626 13.166493 126.332985
2586 68.563770 19.274782 -38.549564
895 66.666667 0.000000 0.000000
2591 67.601504 20.205564 -40.411128
753 95.017140 49.391310 -9.965721
1005 94.837050 62.359138 -10.325900
986 156.046992 43.487019 28.023496
1316 150.000000 25.000000 25.000000
987 170.160452 47.403733 35.080226
2396 74.616001 86.355800 127.288400
2368 30.699553 11.266718 122.533435
2391 31.249572 13.763820 127.527640
2369 41.536807 50.951722 183.073615
2356 42.789321 48.921349 185.578643
1060 5.334413 110.668825 78.584755
55 87.928885 34.707525 -24.142229
2210 104.405630 97.797185 95.518628
2830 84.623231 -30.753538 68.608226
411 -41.966699 69.373993 20.983349
1355 86.044578 -27.910844 81.590805
1299 72.727273 72.727273 -54.545455
2421 56.845982 50.015638 186.308037
2370 15.466696 7.630211 115.260423
1046 5.000000 110.000000 5.000000
2271 46.026403 -92.052805 50.663481
2280 47.240842 -94.481684 50.716445
1374 61.363636 177.272727 38.636364
1187 2.848749 -5.697499 10.427747
490 28.571429 0.000000 0.000000
792 26.190476 0.000000 0.000000
2119 27.961182 13.673841 -27.347682
2153 29.453856 11.633901 -23.267803
778 9.090909 90.909091 118.181818
973 10.677943 84.962715 121.355886
2154 67.187500 32.812500 -65.625000
2155 65.625000 34.375000 -68.750000
2593 64.442490 44.203223 -71.115019
2597 62.633854 48.786094 -74.732291
2598 62.647236 44.897703 -74.705527
2003 9.296620 95.398398 109.203204
2711 8.662013 94.259636 111.480729
2718 9.274878 93.305828 113.388345
2696 7.590176 94.720877 110.558245
2714 6.395459 95.605740 108.788520
2720 4.000504 97.265722 105.468555
2697 3.042569 97.786217 104.427566
2728 68.553053 40.701073 162.893893
730 70.454545 29.545455 159.090909
2726 69.400046 38.442800 161.199908
1990 56.141241 23.011176 146.022351
2011 57.146042 27.133163 154.266327
289 88.387952 -23.224096 61.897957
2832 88.076477 -23.847047 65.951655
2831 86.677093 -26.645813 66.088578
1252 87.119059 -25.761882 70.405872
961 95.348837 100.000000 0.000000
2698 22.265045 108.508747 95.745627
2102 12.351752 6.224834 -12.449668
2158 11.461978 7.415824 -14.831648
2159 10.434331 5.854285 -11.708571
1098 9.523810 0.000000 0.000000
2454 6.875229 106.418871 3.209436
2452 6.105476 106.847844 3.423922
1991 62.633766 15.823018 131.646036
1241 6.666667 0.000000 100.000000
1471 8.888889 0.000000 100.000000
1248 15.000000 130.000000 15.000000
1339 10.869565 -21.739130 10.869565
1933 31.674433 -32.256210 16.128105
480 17.843992 68.832139 135.687983
1934 1.838207 -3.676414 7.048350
1945 1.994460 -3.988920 4.676704
505 12.997530 58.738263 125.995060
1464 140.000000 20.000000 20.000000
160 52.173913 -95.652174 52.173913
1389 54.591680 -61.229840 69.385080
2424 96.507199 97.708559 104.582883
2423 95.427145 97.201614 105.596773
2268 25.020638 -28.515604 85.742198
2282 25.899802 -26.453375 86.773312
972 10.430061 79.867130 120.860122
1992 60.551092 20.681466 141.362932
1993 58.937103 25.758131 151.516261
2001 61.692679 18.785212 137.570424
2160 34.440256 14.039743 -28.079486
2002 73.075037 12.867581 125.735162
1986 73.415807 16.570451 133.140902
1473 75.000000 75.000000 -50.000000
2756 78.929602 54.133929 -42.140796
1042 87.538453 124.923093 69.673069
279 55.555556 0.000000 100.000000
1378 62.811092 174.377815 46.635720
752 47.619048 0.000000 0.000000
1936 48.092278 -48.801076 24.400538
1935 47.444891 -38.106160 19.053080
711 100.000000 60.000000 0.000000
2741 26.799290 42.689778 -53.598580
2742 25.733578 38.030112 -51.467155
271 -46.273957 23.136978 59.359780
268 0.000000 0.000000 63.157895
18 -40.000000 80.000000 80.000000
325 150.621840 58.557168 25.310920
1452 53.825255 172.581593 63.709203
2425 66.028766 79.503282 140.993436
1456 11.666667 123.333333 11.666667
534 84.090909 131.818182 15.909091
2727 75.164147 28.485618 149.671706
740 90.697674 100.000000 100.000000
679 10.833808 121.667616 33.083784
2211 142.309702 21.154851 48.313262
2196 155.389815 27.694908 46.020027
1994 36.172789 79.332766 141.334469
1997 35.493230 82.182935 135.634131
674 51.834955 159.350409 70.324796
2732 53.792609 152.434456 73.782772
750 45.652174 -91.304348 45.652174
1923 49.272049 -65.793797 32.896898
747 47.826087 -95.652174 47.826087
2757 96.259763 43.477356 -7.480473
2758 97.132885 45.013590 -5.734229
2051 7.767033 109.799314 95.100343
403 44.186047 100.000000 0.000000
2644 43.792574 77.720155 -44.559691
2645 42.780229 77.129700 -45.740600
892 52.272727 52.272727 -95.454545
2599 53.725076 49.485828 -92.549849
2600 52.767065 49.513316 -94.465869
820 69.047619 0.000000 0.000000
2309 49.818012 -89.274536 44.637268
117 100.000000 100.000000 5.263158
2037 98.951378 102.097244 6.180933
2055 99.169663 101.660675 3.429204
929 85.420754 129.158493 40.040336
2455 26.558719 119.438810 9.719405
1113 30.232558 100.000000 0.000000
1407 14.303315 63.598267 128.606630
2056 62.856316 145.309654 22.654827
654 -26.093144 86.953428 27.532721
2748 86.464632 52.887997 -27.070737
767 83.989947 40.466558 -32.020106
547 87.071088 38.020296 125.857823
295 89.827061 -14.094387 92.952807
2759 93.830416 46.392565 -12.339167
2317 73.802358 -25.174264 12.587132
1441 91.111111 0.000000 100.000000
270 -87.500000 43.750000 56.250000
497 -100.000000 50.000000 50.000000
1959 11.592355 97.257843 105.484314
1960 12.721072 94.908885 110.182230
2015 14.925819 93.216462 113.567076
1996 14.130971 95.190778 109.618444
2713 13.919906 91.558040 116.883921
2296 71.919001 -34.520695 17.260348
2809 18.787044 -12.228066 6.114033
2024 60.185188 146.689099 23.344549
2078 62.097784 138.782828 19.391414
2373 40.419191 49.543556 180.838382
2040 1.787180 103.574360 94.359513
2058 3.861548 107.723097 89.189015
2162 45.378593 22.166826 -44.333653
651 11.363636 88.636364 122.727273
591 12.326349 84.446970 124.652699
2544 76.104821 45.300673 -47.790358
2609 75.482421 43.885854 -49.035157
727 75.555556 0.000000 100.000000
1204 172.727273 36.363636 63.636364
918 14.457527 47.158178 -28.915054
2247 15.016592 -12.271720 93.864140
1014 58.153665 50.012415 183.692671
1011 59.090909 40.909091 181.818182
1048 45.652174 191.304348 54.347826
1897 39.893894 -39.397887 19.698944
1938 38.876735 -35.524157 17.762078
2532 54.256523 191.486955 49.676937
852 67.441860 100.000000 0.000000
2060 68.849476 129.745202 14.872601
1061 105.791912 28.150376 97.104044
529 5.045408 -10.090816 12.883538
716 98.404860 -3.190279 91.503144
614 37.777778 0.000000 100.000000
2272 36.254926 -42.761592 78.619204
2276 37.149142 -36.645396 81.677302
2269 35.193865 -34.854874 82.572563
148 54.347826 -91.304348 54.347826
2165 50.129199 28.947903 -57.895806
2484 41.772676 183.545352 46.254867
1887 -31.614927 15.807463 43.340292
1888 -37.365750 18.682875 40.926787
1201 44.230769 44.230769 188.461538
771 42.307692 42.307692 184.615385
2374 45.377111 22.318166 144.636332
612 89.741808 64.230251 -20.516383
990 82.640823 116.411166 8.205583
673 77.074902 123.872444 88.063778
2365 25.239439 14.104294 128.208589
834 91.873098 5.678820 111.357639
2320 60.860160 -78.279679 48.757181
1330 90.010521 55.217826 -19.978958
1980 24.837161 86.395545 127.208910
1998 24.032313 88.199200 123.601601
2166 46.434319 23.607144 -47.214288
2456 26.541104 128.509522 14.254761
2500 27.580908 126.442135 13.221067
2433 28.299735 156.599469 40.893253
2264 44.656131 -52.672345 73.663827
2625 46.641647 50.189248 -93.283293
2641 45.141048 51.409324 -90.282097
684 33.784473 50.425331 -67.568946
2736 34.989117 42.523197 -69.978234
76 8.695652 -17.391304 8.695652
1901 11.268481 -14.341935 7.170968
2167 77.316419 87.057755 -25.884491
720 109.090909 4.545455 95.454545
2669 104.563608 2.281804 95.837040
358 30.952381 0.000000 0.000000
2168 30.238836 14.950212 -29.900424
2321 90.931022 -9.501651 4.750826
2761 94.789789 41.932572 -10.420423
394 56.521739 -86.956522 56.521739
2315 55.524591 -88.950819 49.728512
2316 57.039815 -85.920370 48.386910
2323 57.935354 -84.129292 50.901688
2833 82.007316 -35.985369 72.136657
17 10.000000 120.000000 10.000000
2457 12.922377 110.616678 5.308339
2458 11.873462 108.067810 4.033905
884 59.090909 59.090909 181.818182
615 32.692308 32.692308 165.384615
2371 35.033906 17.209994 134.419988
2459 9.952791 110.821674 5.410837
1211 8.333333 116.666667 8.333333
2324 59.568988 -80.862023 47.497482
2325 58.723912 -82.552177 49.599792
2426 72.437816 85.234835 129.530329
2533 96.959577 106.080847 88.843647
2518 97.699200 104.601599 89.931442
246 0.000000 0.000000 57.894737
2379 6.508507 3.228171 106.456343
2380 5.912220 3.565095 107.130191
592 38.846250 47.746979 177.692501
588 40.384615 40.384615 180.769231
2699 49.690276 165.098592 67.450704
0 79.545455 79.545455 140.909091
2064 92.424401 109.016398 4.508199
2479 38.102468 145.764507 22.882254
2066 38.333333 176.666667 38.333333
2502 38.977254 140.499574 20.249787
2559 80.736962 9.149289 -18.298577
967 6.976744 100.000000 100.000000
1999 6.517010 97.404995 105.190010
1988 8.057481 96.963984 106.072031
1096 4.651163 100.000000 100.000000
2000 5.431036 97.139368 105.721264
1882 1.666667 103.333333 1.666667
1231 9.001302 118.002604 29.523073
1234 11.801674 123.603349 21.588270
2671 125.327917 12.663959 75.512676
909 79.069767 100.000000 0.000000
2172 80.352068 90.668697 -18.662605
2173 78.760630 91.971569 -16.056861
908 76.744186 100.000000 0.000000
2174 78.091672 89.643695 -20.712611
2527 72.013946 132.950448 83.524776
1889 -23.338860 11.669430 31.955722
914 -39.844619 19.922309 53.929946
2514 93.868720 108.355331 95.822335
247 10.051711 -20.103421 58.744878
2033 36.666667 173.333333 36.666667
2743 24.604723 40.803537 -49.209446
372 8.324975 39.367419 116.649950
183 23.913043 76.086957 -47.826087
2700 48.586634 176.650703 61.674649
2701 47.500973 180.791804 59.604098
123 -18.181818 90.909091 9.090909
35 31.111111 0.000000 100.000000
2274 29.751509 -23.231485 88.384258
1449 94.850309 2.739164 105.478327
2462 13.761573 112.298923 6.149462
1411 59.615385 180.769231 59.615385
2027 30.000000 160.000000 30.000000
2437 34.193204 168.386408 45.545791
2829 78.314468 -43.371064 74.598757
2731 73.846957 81.567772 -36.864456
2275 28.894883 -28.602912 85.698544
2536 73.908751 125.456488 87.271756
2534 73.102250 122.450618 88.774691
1261 58.139535 100.000000 100.000000
2265 38.025401 -30.743069 84.628465
2283 1.545751 -3.091503 96.866173
1872 1.923077 -3.846154 98.076923
742 55.813953 100.000000 0.000000
2182 54.705240 81.560316 -36.879369
2692 1.182643 88.354061 -2.365286
1943 99.057737 -1.884526 95.943419
129 97.727273 97.727273 -4.545455
589 88.095238 0.000000 0.000000
2560 87.868096 4.425708 -8.851417
220 24.727114 54.319778 149.454228
801 74.418605 100.000000 0.000000
2361 43.304836 15.945411 131.890822
2382 43.500878 20.350558 140.701116
2375 43.647393 25.072206 150.144413
2649 5.788037 96.651212 -6.697576
2230 -41.940969 79.029515 45.455414
2228 -32.228232 83.885884 44.251850
2702 23.058060 111.122861 94.438569
2358 37.212456 14.426284 128.852568
1891 -30.765388 15.382694 33.373307
2032 35.000000 170.000000 35.000000
2439 36.994205 173.988410 46.054832
1937 75.787901 -24.429143 87.785429
1921 76.713726 -18.348108 90.825946
2623 31.355967 84.610610 -30.778779
2624 29.812256 87.847895 -24.304209
2105 31.003652 18.621491 -37.242982
2226 -90.851738 49.883626 45.425869
1965 98.676833 13.879298 102.646334
2326 54.368598 -91.262805 49.984163
1376 15.909091 15.909091 -31.818182
617 0.000000 80.000000 100.000000
2791 96.524000 -2.425237 98.787381
2144 63.845557 84.359316 -31.281367
2177 62.653598 78.687998 -42.624005
2004 77.123342 10.155777 120.311554
2005 77.572306 12.612393 125.224786
1940 68.495565 -37.191635 81.404182
1947 69.703672 -25.387048 87.306476
902 95.454545 109.090909 4.545455
1982 69.672516 15.397777 130.795553
2562 87.262103 5.371223 -10.742446
2561 86.403532 6.121683 -12.243367
1987 78.165884 15.293795 130.587589
2006 79.604815 10.968557 121.937114
280 47.727273 52.272727 195.454545
2394 46.911431 48.866718 193.822863
2392 47.773895 49.074043 195.547789
2069 71.760386 123.781405 11.890702
2328 62.113714 -75.772573 49.393432
2070 67.247667 125.133502 12.566751
2071 66.648900 132.285945 16.142972
2329 89.453103 -8.494605 4.247303
2427 65.013328 85.499029 129.001942
195 76.190476 0.000000 0.000000
2313 76.814722 -25.661099 12.830549
2330 75.542398 -19.313110 9.656555
2277 34.267240 -31.752265 84.123868
1084 85.714286 0.000000 0.000000
2331 85.262699 -15.290357 7.645179
276 53.333333 0.000000 100.000000
772 2.325581 100.000000 100.000000
1989 2.134146 99.009330 101.981340
2009 3.440221 98.629728 102.740545
2840 73.582641 6.217916 112.435832
2010 72.366637 12.004083 124.008166
2628 2.451038 98.254080 -3.491841
2278 17.458137 -16.178255 91.910872
2256 18.330351 -14.458538 92.770731
1892 -5.096333 97.451834 94.948652
2012 58.225332 24.018278 148.036556
2213 110.532452 5.266226 13.262737
2372 33.402528 19.389356 138.778713
2386 32.961641 16.275249 132.550498
2563 79.342962 46.166486 -41.314075
2545 78.026654 45.917521 -43.946693
2013 55.105443 17.752073 135.504145
2014 53.779914 18.021915 136.043829
912 79.817560 115.589501 7.794750
671 49.976838 182.150954 58.924523
528 47.826087 195.652174 52.173913
1902 12.827589 -10.813948 5.406974
1949 13.635510 -13.640849 6.820424
709 100.000000 80.000000 0.000000
2703 26.357166 110.489988 94.755006
69 163.965853 52.333557 68.017073
2180 99.016115 88.892459 -1.967770
2790 20.988718 28.259463 141.977435
2564 85.548968 7.921377 -15.842754
2072 54.458341 137.416450 18.708225
2048 53.269072 151.180345 25.590173
2045 55.881653 151.645708 25.822854
2073 55.174850 144.992812 22.496406
2334 88.632627 -11.232245 5.616123
2428 65.530080 82.159669 135.680663
2181 81.523027 90.676979 -18.646042
2523 58.488438 149.146127 75.426937
2537 57.526447 145.135783 77.432109
2068 4.553310 109.106620 87.068225
2679 107.094373 96.452813 5.198916
2682 108.199139 95.900430 7.095056
1950 85.200663 -12.551204 93.724398
1951 86.103053 -13.759927 93.120036
2057 61.380484 132.548931 16.274465
739 53.488372 100.000000 0.000000
2183 53.895488 78.237595 -43.524810
2050 96.151973 103.840894 1.920447
2075 94.880421 106.618108 3.309054
127 0.000000 100.000000 5.555556
2768 26.122319 -13.140500 6.570250
2770 25.245065 -12.583234 6.291617
1968 48.076923 48.076923 196.153846
2007 46.153846 46.153846 192.307692
2348 49.641290 23.934997 147.869995
2076 88.474808 111.336236 5.668118
29 0.000000 100.000000 94.444444
2388 36.159881 16.562916 133.125831
2074 70.942634 133.605641 16.802821
1335 71.111111 0.000000 100.000000
1948 70.457576 -28.874037 85.562981
1898 41.066340 -48.689254 24.344627
2796 96.754669 -1.312336 0.656168
1893 -42.638376 21.319188 49.465628
2429 94.396054 96.864760 106.270480
2281 4.927450 -9.854899 86.966475
2565 83.462103 5.706930 -11.413859
2566 84.570476 6.922702 -13.845403
2652 44.798271 78.321662 -43.356675
2530 51.826903 196.346195 49.849134
2124 52.842885 76.844610 -46.310779
1340 13.636364 86.363636 127.272727
2762 95.457640 42.381695 -9.084720
2672 141.375423 20.687712 62.435428
2034 77.509161 115.442612 7.721306
2063 25.000000 150.000000 25.000000
2658 104.354880 11.928913 97.822560
2279 45.054697 -90.109394 50.170793
2017 67.403216 16.860938 133.721875
1969 51.144066 32.771722 165.543445
2744 36.022009 42.887749 -72.044018
2187 39.553713 19.350889 -38.701778
2176 33.581976 16.231065 -32.462130
199 73.809524 0.000000 0.000000
2335 74.810309 -23.078365 11.539183
2079 70.003524 130.610438 15.305219
2336 54.602331 -45.390368 22.695184
2766 22.359999 -11.789537 5.894769
2390 46.521254 22.298327 144.596655
2772 9.701966 -3.595977 1.797989
2704 -2.241736 84.378545 98.879132
1890 -4.241736 87.378545 97.879132
2043 26.666667 153.333333 26.666667
2451 28.549970 127.259016 13.629508
526 45.652174 54.347826 -91.304348
1878 2.173913 104.347826 97.826087
2189 26.733150 13.590962 -27.181925
2080 94.264931 106.522375 3.261187
2169 78.125000 21.875000 -43.750000
2602 75.682819 39.475698 -48.634363
935 71.428571 0.000000 0.000000
2065 93.648649 105.835027 2.917514
890 50.000000 50.000000 -100.000000
2110 51.562500 48.437500 -96.875000
2171 51.347508 29.765179 -59.530357
2161 53.125000 46.875000 -93.750000
2570 51.945459 49.419709 -96.109083
2185 68.201842 87.174870 -25.650260
2192 60.885615 80.351727 -39.296545
2605 62.810095 16.583901 -33.167802
2606 63.568054 21.979452 -43.958905
2592 65.402461 43.678884 -69.195078
2191 61.631733 84.080672 -31.838655
2113 66.646957 83.456333 -33.087333
2572 74.325127 12.953565 -25.907130
2179 71.875000 28.125000 -56.250000
2610 70.223366 42.240924 -59.553269
2111 75.000000 25.000000 -50.000000
2547 70.896602 45.003490 -58.206796
2633 48.048752 50.022609 -96.097503
2740 36.917419 43.601365 -73.834837
2685 37.533639 58.004106 -75.067279
2551 56.473839 48.852835 -87.052322
2621 55.555500 48.886065 -88.889000
2132 57.812500 42.187500 -84.375000
2554 67.987086 46.143152 -64.025828
2614 68.998636 45.604542 -62.002729
2137 70.312500 29.687500 -59.375000
1995 71.387629 11.389463 122.778926
2112 76.562500 23.437500 -46.875000
2576 75.830476 13.575360 -27.150721
1875 3.846154 -7.692308 96.153846
2284 2.386872 -1.461606 99.269197
2285 3.344617 -3.461877 98.269062
2290 3.102290 -6.204579 92.218484
2292 4.122536 -4.309315 97.845342
1952 1.921169 -1.945942 0.972971
1953 1.325773 -2.651546 3.139660
2338 97.726890 -1.818251 0.909126
2081 0.990273 101.980546 96.657511
2082 2.523390 103.352466 98.323767
2084 3.769630 103.718853 98.140574
2085 5.000188 106.546146 96.726927
2086 5.710581 107.272748 96.363626
2087 3.398589 106.797177 91.061035
2464 0.770359 101.540717 2.832155
632 0.000000 100.000000 100.000000
2805 21.277440 -13.323778 6.661889
1906 97.608953 -3.847426 98.076287
2792 97.861718 -2.032634 98.983683
2806 16.132550 -8.865350 4.432675
2807 17.800586 -10.072540 5.036270
2808 16.913195 -9.022956 4.511478
2812 20.799909 -10.649095 5.324547
2810 20.074389 -9.851314 4.925657
2773 4.398871 -5.676253 2.838126
1927 5.754312 -3.232214 1.616107
2816 5.374091 -8.188172 4.094086
2817 5.964483 -8.433360 4.216680
1930 7.798353 -3.219000 1.609500
1942 6.826614 -4.274917 2.137459
2820 6.700100 -9.318902 4.659451
2819 7.095804 -8.262098 4.131049
2776 7.329658 -5.784021 2.892011
2777 6.758692 -7.128030 3.564015
1876 2.173913 -4.347826 2.173913
2778 3.611889 -5.620414 2.810207
2813 2.460493 -4.920986 3.584526
2793 97.217071 -2.154723 98.922639
1981 15.688777 91.157943 117.684114
2008 10.433049 95.204754 109.590491
2717 10.049971 92.656186 114.687628
2719 10.840735 92.482681 115.034639
2707 12.986469 91.461282 117.077437
1971 21.849206 89.753775 120.492450
2393 50.548903 26.195911 152.391821
2018 52.632510 24.630227 149.260455
2709 0.922939 90.995353 101.845877
2712 1.862361 98.630705 102.738590
2715 5.620893 95.581641 108.836717
2716 4.914331 96.526735 106.946530
2016 4.487361 97.717096 104.565807
2384 45.990712 47.966256 191.981424
2706 11.516286 93.433419 113.133162
2721 4.486913 96.741025 106.517950
2466 44.256641 155.799285 27.899642
2465 45.397376 190.794753 48.893521
2495 33.063887 133.508103 16.754051
2494 33.568845 138.543630 19.271815
2044 28.333333 156.666667 28.333333
2472 32.348960 164.697920 42.309007
2471 32.136316 132.155448 16.077724
2473 30.645483 136.091250 18.045625
2475 47.433217 159.409325 29.704662
2474 48.011662 196.023323 49.258237
2477 37.960859 175.921718 44.968356
2481 39.785240 179.570480 45.270737
2480 39.839075 179.678150 48.424630
2497 39.938330 139.567121 19.783561
2498 40.924041 140.236488 20.118244
2485 41.897371 141.378831 20.689415
2061 40.000000 180.000000 40.000000
2490 32.261740 164.523480 44.622431
2489 29.261547 133.778631 16.889315
2491 30.199626 131.634137 15.817068
2493 34.896619 129.210046 14.605023
2496 35.056640 170.113281 45.386027
2499 40.838627 181.677254 45.503451
2503 40.608865 181.217731 46.407315
2567 77.027187 45.673867 -45.945626
1475 29.545455 29.545455 -59.090909
2571 53.271591 28.999774 -57.999549
2569 52.664891 21.440491 -42.880981
2573 72.627837 42.126604 -54.744326
2575 72.498265 49.010212 -55.003469
2577 74.664626 40.850591 -50.670748
2824 14.455054 3.023286 -6.046572
2579 57.861397 46.929808 -84.277206
2578 58.527218 21.029844 -42.059688
2581 60.027631 17.141741 -34.283481
2582 60.807368 24.053858 -48.107717
2150 68.750000 31.250000 -62.500000
2584 67.190925 43.896415 -65.618149
2585 69.488178 15.230845 -30.461690
2613 70.463510 14.297789 -28.595579
2170 62.500000 37.500000 -75.000000
2587 59.997809 47.522275 -80.004381
2588 59.145239 47.392120 -81.709523
2607 61.495027 45.269939 -77.009945
2589 61.791945 23.440052 -46.880104
2163 44.343734 20.757450 -41.514900
2590 65.268677 48.765060 -69.462646
2595 66.839586 17.690538 -35.381076
2184 64.062500 35.937500 -71.875000
2596 64.811569 21.586490 -43.172979
2594 65.902673 17.744088 -35.488176
2186 54.687500 45.312500 -90.625000
2619 54.952706 48.395969 -90.094588
2601 54.243657 28.245881 -56.491763
2603 76.330229 9.610736 -19.221473
2604 77.695668 12.603321 -25.206642
2608 78.145136 11.218369 -22.436738
2611 71.443242 13.835313 -27.670625
2615 61.823918 46.299013 -76.352164
2616 64.181959 19.875860 -39.751721
2617 55.372288 20.042133 -40.084265
2618 56.025524 26.652282 -53.304564
2209 129.539176 14.769588 28.960478
2231 -14.684762 92.657619 15.086788
2287 7.126055 -8.245651 95.877174
2763 51.942958 -96.114085 50.294561
2318 72.765743 -27.967218 13.983609
2794 79.610408 -11.091571 5.545785
2795 78.858944 -13.153693 6.576847
2460 10.863540 109.722371 4.861185
2486 42.747006 144.703163 22.351582
2521 90.424480 110.647920 94.676040
2642 44.478615 50.533261 -88.957231
2661 147.548733 23.774366 60.572371
2804 125.595307 12.797653 62.302989
2708 12.146866 92.109987 115.780025
2825 14.755726 2.409586 -4.819172
2774 5.326608 -5.806910 2.903455
2775 6.175813 -6.286239 3.143119
2818 6.424165 -8.842002 4.421001
2780 12.035490 2.600992 -5.201983
2782 14.987902 4.318412 -8.636823
2814 15.294234 2.296646 -4.593291
2811 19.332009 -10.223377 5.111688
2835 83.079007 -33.841987 70.464123
