236 0.000000 16.666667 100.000000
2582 -30.479613 25.003873 84.760193
2585 -20.925791 18.177414 89.537105
141 51.977878 33.910543 167.821085
729 53.212766 25.142786 150.285572
503 60.459960 23.835898 147.671795
216 -27.185427 86.407287 48.189392
330 -17.999756 91.000122 42.116587
674 -39.889360 80.055320 40.726964
111 80.138802 139.722395 67.696469
636 83.686938 132.626124 70.413955
398 85.698164 128.603671 67.401912
62 181.818182 59.090909 59.090909
457 190.909091 54.545455 54.545455
470 168.520288 65.739856 55.514498
140 60.587424 -78.825152 51.708633
602 55.000000 -90.000000 45.000000
2176 65.122171 -69.755658 45.698070
706 100.000000 0.000000 68.750000
2667 138.866491 19.433245 68.368374
2666 125.096679 12.548340 71.452872
2550 160.000000 30.000000 70.000000
2571 170.000000 35.000000 65.000000
2665 170.573533 42.776582 64.713234
262 150.000000 25.000000 75.000000
2653 126.616906 13.308453 75.145987
343 50.580098 89.141179 -21.717642
626 50.000000 100.000000 0.000000
2006 59.227068 92.366142 -15.267716
175 14.469744 22.508695 -28.939489
346 22.222222 22.222222 -44.444444
1751 16.666667 16.666667 -33.333333
160 179.640549 60.179726 49.201737
569 171.413448 64.293276 43.676313
588 159.500467 70.249766 47.724160
128 91.513878 116.972245 71.589592
2081 89.376382 121.247236 70.788079
397 88.747255 122.505490 72.535071
99 0.000000 100.000000 100.000000
2301 7.322703 88.444277 114.645406
375 10.000000 90.000000 120.000000
77 44.444444 44.444444 -88.888889
662 41.298463 48.448795 -82.596926
709 50.000000 50.000000 -100.000000
270 71.407975 -14.334903 7.167451
510 83.262882 -7.258198 3.629099
1917 79.890458 -15.779156 7.889578
82 -62.682637 61.149475 31.341318
2030 -58.823564 58.851702 29.411782
570 -67.765565 55.865652 33.882783
91 140.149978 79.925011 27.327716
455 135.011419 82.494290 35.018334
2298 153.014604 73.492698 32.716953
72 -6.633133 37.975195 3.316567
733 0.000000 33.333333 0.000000
445 -11.508361 32.338617 5.754181
101 57.288386 69.100057 161.799886
412 43.490301 68.737836 162.524328
653 49.584309 60.996150 178.007700
181 45.751992 33.445395 -66.890790
424 33.333333 33.333333 -66.666667
394 38.888889 38.888889 -77.777778
251 20.314605 140.629209 51.951299
2682 26.955336 153.910672 52.606220
1632 29.261841 158.523683 46.902206
331 60.797014 -46.887660 23.443830
2215 65.151283 -47.267578 23.633789
717 60.599413 -52.489995 26.244998
1529 36.120611 77.069411 145.861178
2003 30.000000 70.000000 160.000000
155 51.498963 15.298642 -30.597283
565 44.257577 21.467552 -42.935105
453 51.363545 25.358023 -50.716047
448 130.000000 15.000000 15.000000
2702 123.135131 11.567566 19.794460
2703 119.519307 9.759654 17.539400
104 35.910680 -10.447102 5.223551
2050 28.808298 -13.165437 6.582719
421 26.138670 -6.970980 3.485490
127 68.750000 68.750000 -62.500000
528 75.221070 61.859991 -49.557861
345 64.440545 53.385083 -71.118911
187 -34.937975 53.817954 17.468987
461 -43.105667 51.254396 21.552834
597 -40.543037 56.876635 20.271518
348 176.319444 50.790880 38.159722
423 187.500000 56.250000 43.750000
2676 188.454861 50.510220 44.227430
17 14.082415 -8.335943 4.167972
309 22.439544 -12.873456 6.436728
1464 17.473377 -17.675790 8.837895
55 3.761973 13.752489 -7.523946
289 0.000000 25.000000 0.000000
501 7.337762 22.690413 -14.675523
220 137.500000 81.250000 18.750000
2162 125.597594 87.201203 18.380476
323 125.223869 87.388065 25.153295
2475 -11.111111 94.444444 94.444444
2500 -9.021909 93.055467 95.489046
12 97.147420 105.705159 78.972864
442 100.000000 100.000000 86.666667
666 100.000000 100.000000 80.000000
657 80.363962 94.028581 111.942837
2626 89.733848 96.721431 106.557138
686 85.714286 100.000000 100.000000
502 14.318135 128.636271 43.403923
2679 18.692164 137.384329 48.067756
167 100.000000 100.000000 53.333333
399 100.000000 100.000000 60.000000
372 121.710451 89.144775 59.919943
242 25.000000 25.000000 150.000000
598 20.833333 20.833333 141.666667
511 26.387078 12.029519 124.059038
172 34.703498 -69.406995 44.956633
730 38.885330 -77.770661 47.566881
702 33.231447 -66.462895 52.297369
15 12.617767 125.235534 75.397248
406 16.143956 132.287912 65.142683
400 0.000000 100.000000 69.230769
276 0.000000 66.666667 100.000000
481 0.000000 75.000000 100.000000
2477 -26.653741 72.768733 86.673130
1795 42.181737 27.450724 -54.901447
267 80.000000 -40.000000 20.000000
487 71.436874 -44.165034 22.082517
516 75.546844 -34.927430 17.463715
66 53.139850 94.485648 111.028704
498 42.499779 90.843173 118.313653
493 57.902681 87.459253 125.081494
70 100.000000 0.000000 37.500000
377 100.000000 0.000000 43.750000
680 94.076778 -11.846444 38.667012
86 0.000000 50.000000 100.000000
629 13.942182 48.068095 127.884365
1995 0.000000 58.333333 100.000000
296 -54.182010 38.590669 27.091005
2263 -55.079829 32.753251 27.539914
404 -66.666667 33.333333 33.333333
54 75.497856 51.139656 -49.004289
668 83.802066 52.535884 -32.395868
354 80.562236 45.671375 -38.875528
41 -38.513467 80.743267 33.910565
582 -54.545455 72.727273 27.272727
508 -63.636364 68.181818 31.818182
478 -88.888889 55.555556 55.555556
1603 -84.714270 57.642865 52.329463
2597 -91.128062 54.435969 50.834891
107 0.000000 0.000000 22.222222
386 4.842310 -9.684620 28.055869
315 0.000000 0.000000 33.333333
25 12.187008 124.374016 31.034188
731 11.468009 122.936019 23.391701
488 0.000000 100.000000 30.769231
137 -45.607017 44.611201 22.803509
575 -53.965060 44.338037 26.982530
689 -52.561474 49.176003 26.280737
26 52.438687 73.987911 -52.024178
2306 58.120394 82.434937 -35.130126
446 61.694200 74.058717 -51.882567
79 106.993129 78.964780 96.503436
566 118.181818 90.909091 90.909091
714 109.090909 95.454545 95.454545
180 9.808610 56.253391 -19.617221
1974 0.000000 58.333333 0.000000
581 0.000000 66.666667 0.000000
623 200.000000 50.000000 50.000000
2670 188.977546 47.800363 55.511227
2552 190.000000 45.000000 55.000000
2554 147.150991 23.575496 55.990814
2553 180.000000 40.000000 60.000000
2672 148.076605 24.038302 64.437624
621 143.384890 78.307555 53.148515
206 11.801100 79.101751 123.602201
382 0.000000 91.666667 100.000000
84 100.000000 90.909091 0.000000
376 100.000000 100.000000 0.000000
2677 106.532392 92.510706 3.266196
248 24.958477 -49.916954 70.664240
724 23.749892 -47.499785 66.797613
405 31.790848 -63.581695 61.723419
353 88.094081 37.791286 -23.811838
1805 83.504007 29.623737 -32.991985
2303 81.908340 38.455892 -36.183320
188 -29.912471 81.243143 14.956236
518 -33.585777 74.028042 16.792889
600 -39.252256 75.826609 19.626128
48 81.250000 81.250000 -37.500000
269 91.153636 79.067362 -17.692727
590 84.341140 73.277236 -31.317720
173 0.000000 100.000000 7.692308
589 0.000000 100.000000 0.000000
2598 -4.358852 97.820574 5.488077
3 61.621629 26.963812 -53.927623
634 66.666667 33.333333 -66.666667
466 72.222222 27.777778 -55.555556
95 -88.888889 44.444444 44.444444
552 -77.777778 38.888889 38.888889
2583 -71.132951 35.566476 56.261236
2584 -79.595241 39.797621 55.557921
250 95.484464 15.573911 -9.031071
606 94.444444 5.555556 -11.111111
420 88.888889 11.111111 -22.222222
117 88.581293 47.187530 -22.837414
143 61.260466 110.464439 94.767780
659 69.595740 119.566122 90.216939
320 56.867584 121.753819 89.123090
735 55.721366 31.554182 -63.108364
28 -41.695762 69.960204 20.847881
2296 -47.244839 67.249686 23.622420
415 -48.501342 70.637357 24.250671
49 10.977733 -21.955465 24.237877
452 12.409439 -24.818879 34.869500
2439 7.536685 -15.073370 33.499286
100 0.000000 75.000000 0.000000
303 -3.272934 65.045751 1.636467
456 -6.092137 71.153163 3.046069
34 45.000000 190.000000 45.000000
254 48.531474 172.572267 36.286134
459 40.000000 180.000000 40.000000
235 69.476581 110.063282 5.031641
318 70.000000 100.000000 0.000000
703 61.846212 107.609061 3.804530
2558 155.246298 27.623149 51.386895
245 66.661918 82.620736 -34.758528
671 75.000000 75.000000 -50.000000
684 -31.115433 60.169358 84.442284
469 71.411665 -57.176670 51.169182
441 91.666667 116.666667 8.333333
2531 93.591718 112.816564 8.848607
129 100.000000 100.000000 6.666667
2532 92.958590 114.082820 12.576368
71 42.770381 154.808432 27.404216
556 51.666126 142.308122 21.154061
363 42.693937 138.537657 19.268828
118 92.857143 92.857143 114.285714
426 85.714286 85.714286 128.571429
2627 93.365904 79.470926 113.268192
50 25.093031 63.439979 -50.186063
379 11.728727 74.544192 -23.457454
492 25.000000 75.000000 -50.000000
149 40.000000 100.000000 0.000000
473 30.000000 100.000000 0.000000
649 33.296628 109.249448 4.624724
2186 51.081234 6.230028 -12.460056
579 43.301115 7.699306 -15.398612
174 100.000000 0.000000 25.000000
389 93.797992 -12.404016 31.049595
635 94.847779 -10.304443 23.962262
108 25.225241 -50.450481 58.319591
395 17.523253 -35.046506 68.480649
543 -3.565558 78.033393 1.782779
176 0.000000 33.333333 100.000000
2478 -46.557369 41.050470 76.721316
433 0.000000 25.000000 100.000000
349 73.021626 39.037915 -53.956747
1643 68.517784 45.612886 -62.964431
497 -33.223468 59.512040 16.611734
520 27.272727 0.000000 100.000000
2608 18.706991 7.413032 114.826064
419 18.181818 0.000000 100.000000
47 16.666667 16.666667 133.333333
2470 12.500000 12.500000 125.000000
1790 18.878113 -37.756226 59.211771
74 -27.217676 62.659635 13.608838
574 -31.901683 65.061863 15.950841
2235 -26.451520 67.409786 13.225760
644 34.633874 148.745690 24.372845
305 20.000000 140.000000 20.000000
601 25.000000 150.000000 25.000000
197 4.005046 32.416263 -8.010092
132 95.000000 -10.000000 5.000000
2603 92.292993 -4.314549 2.157275
1721 100.000000 0.000000 0.000000
183 112.581739 53.693212 93.709130
2683 107.486939 41.331784 96.256531
463 117.366016 40.205355 91.316992
119 77.686795 31.423509 -44.626411
1722 77.777778 22.222222 -44.444444
212 -58.127352 46.226769 29.063676
587 -64.397388 45.583976 32.198694
2277 -60.365392 48.950286 30.182696
213 -17.682092 68.955854 8.841046
571 -12.241870 69.411658 6.120935
364 -17.717339 61.655654 8.858669
449 87.500000 87.500000 -25.000000
258 56.867258 151.495284 25.747642
1877 61.414821 136.450920 18.225460
151 32.705050 140.382362 20.191181
68 -48.647817 75.676092 61.283653
627 -25.926229 87.036885 56.657163
332 -52.111789 73.944105 47.600094
16 25.639162 -51.278324 42.177587
2688 29.640287 -59.280573 37.993295
1374 31.151825 -62.303650 41.086532
219 55.557851 -20.149593 10.074796
351 61.586006 -13.390092 6.695046
577 63.096912 -19.573757 9.786879
22 20.000000 80.000000 140.000000
485 29.959913 85.860960 128.278079
2304 53.783937 -15.837562 7.918781
291 100.000000 57.142857 100.000000
2183 108.848842 63.279493 95.575579
2479 -13.571336 6.785668 20.564746
2480 -9.060682 4.530341 14.977499
572 -20.342437 10.171218 29.745829
2482 -16.811776 8.405888 25.077644
361 0.000000 83.333333 0.000000
88 -43.915082 31.311224 21.957541
310 -34.935258 24.508810 17.467629
693 -44.444444 22.222222 22.222222
5 87.283790 125.432419 75.022648
274 89.988761 120.022477 79.267656
551 90.960721 118.078558 75.076723
142 95.081403 -9.837194 48.915769
675 100.000000 0.000000 50.000000
458 100.000000 0.000000 56.250000
237 42.790657 149.793517 75.103241
321 59.115279 148.373330 75.813335
1873 56.650043 154.815191 72.592404
719 18.802009 31.007840 -37.604018
316 29.166667 -58.333333 29.166667
366 33.333333 -66.666667 33.333333
2269 28.436826 -56.873652 35.375725
164 92.636309 114.727383 86.192802
2637 95.028697 109.942607 91.917783
226 100.000000 100.000000 93.333333
2 95.000000 110.000000 95.000000
2638 97.507174 104.985652 95.062779
42 31.395382 108.319972 95.840014
632 46.770436 111.662945 94.168527
2211 41.471603 117.776495 91.111752
555 90.643786 -18.712427 54.588010
96 62.245409 136.507239 81.746380
2159 48.005568 139.124031 80.437985
438 44.598909 127.906674 86.046663
255 66.877227 22.182911 144.365822
708 69.350472 25.158196 150.316392
725 61.202616 29.391984 158.783969
116 -68.457454 49.905785 34.228727
322 -74.021256 44.647202 37.010628
223 10.000000 100.000000 0.000000
2631 6.821702 104.333985 2.166992
690 48.456715 -19.389104 9.694552
78 10.874076 121.748151 50.013596
1996 0.000000 100.000000 46.153846
205 7.142857 -14.285714 92.857143
559 7.393099 -14.786198 87.128850
505 14.285714 -28.571429 85.714286
126 -45.454545 77.272727 22.727273
392 -34.599831 82.700085 28.001286
374 -27.801770 86.099115 22.769855
63 60.955302 16.597210 133.194420
507 68.533973 15.789952 131.579904
564 100.000000 0.000000 81.250000
2656 124.604757 12.302378 78.173047
194 55.121986 -56.776851 28.388425
2221 55.139399 -50.811573 25.405786
51 0.000000 83.333333 100.000000
1525 10.781741 68.497536 121.563482
383 72.727273 0.000000 0.000000
604 70.574917 6.247180 -12.494360
639 79.066780 6.262922 -12.525844
225 111.029383 58.701286 5.514692
1984 105.506231 61.070268 2.753116
356 110.684411 65.761092 5.342205
260 83.333333 16.666667 -33.333333
300 42.857143 100.000000 100.000000
81 10.000000 120.000000 10.000000
214 21.899137 109.681653 4.840827
454 12.286806 107.335940 3.667970
1955 54.545455 -90.909091 54.545455
407 50.000000 -100.000000 50.000000
2481 -35.287884 44.025455 82.356058
312 88.043621 -23.912758 65.839845
512 100.000000 0.000000 75.000000
391 90.000000 -20.000000 10.000000
272 80.691318 -23.673242 11.836621
286 92.633313 -14.733374 20.363811
701 87.658683 -24.682634 19.078434
718 92.852514 -14.294972 15.380452
85 31.850109 -44.190826 22.095413
2377 36.166872 -49.697169 24.848585
59 36.202239 23.649314 -47.298627
2250 27.777778 27.777778 -55.555556
46 45.833333 -91.666667 45.833333
2691 43.348433 -86.696866 48.377860
2692 42.004635 -84.009271 45.637686
261 40.018867 -80.037734 52.851398
23 71.521475 -6.378775 3.189387
622 81.818182 0.000000 0.000000
52 97.372359 32.477340 105.255283
434 100.000000 28.571429 100.000000
669 100.000000 42.857143 100.000000
429 58.333333 183.333333 41.666667
738 59.814619 164.464688 32.232344
295 33.333333 33.333333 166.666667
2026 29.166667 29.166667 158.333333
740 34.032723 24.062866 148.125733
266 154.545455 72.727273 72.727273
722 145.454545 77.272727 77.272727
2384 145.162884 56.038202 77.418558
103 18.233937 9.816839 -19.633678
253 41.666667 58.333333 -83.333333
440 46.545592 64.068749 -71.862501
1512 95.400606 88.840772 -9.198788
2173 93.750000 93.750000 -12.500000
2654 121.802121 10.901061 81.296202
10 90.755286 118.489428 63.562561
1652 94.543079 110.913842 58.753940
396 87.417030 125.165941 58.119868
169 92.259545 64.787092 115.480909
393 82.312627 64.000846 135.374746
409 89.110716 48.788904 121.778569
271 83.449390 133.101220 73.520195
7 84.470593 131.058814 77.365369
2542 80.095860 92.238804 -15.522392
1816 80.000000 100.000000 0.000000
2543 85.528257 94.876783 -10.246434
0 0.000000 0.000000 66.666667
432 0.000000 0.000000 55.555556
720 5.245251 -10.490502 54.450142
732 24.404680 -48.809361 34.207745
2236 25.000000 -50.000000 25.000000
268 76.310812 -47.378376 32.148404
721 75.000000 -50.000000 25.000000
1584 80.805625 -38.388749 26.646258
2203 38.793421 68.449630 -63.100740
35 114.666507 92.666747 17.118608
711 125.000000 87.500000 12.500000
98 87.807588 -24.384823 24.647906
387 172.727273 63.636364 63.636364
60 70.000000 160.000000 70.000000
612 75.000000 150.000000 75.000000
2111 66.908594 76.104506 147.790989
307 57.518242 78.843422 142.313156
340 77.754366 71.163996 -44.491267
365 119.479380 31.019433 9.739690
550 122.025163 37.508229 11.012582
2415 127.506118 30.660821 13.753059
713 0.000000 0.000000 11.111111
2505 1.586820 -3.173640 9.894241
45 -9.327340 61.813984 4.663670
178 19.054864 -38.109728 31.604339
1836 15.617627 -31.235253 38.755296
148 66.782850 50.505251 166.434299
293 71.428571 71.428571 157.142857
726 64.285714 64.285714 171.428571
298 54.216718 9.159806 118.319612
1756 46.784013 17.767696 135.535393
2398 46.325896 9.609964 119.219929
369 80.000000 140.000000 80.000000
1493 79.682484 140.635031 74.816551
230 -77.777778 61.111111 61.111111
1954 -39.795877 52.837324 80.102062
352 100.000000 100.000000 100.000000
2559 104.021009 90.033403 97.989495
672 14.812414 81.452966 129.624827
2556 106.840850 96.579575 94.098248
31 -66.065424 40.688269 33.032712
373 100.000000 71.428571 100.000000
1704 100.000000 85.714286 100.000000
2628 97.771138 86.513507 104.457724
716 47.948499 75.261399 149.477201
57 119.756215 46.164152 9.878108
443 111.144814 39.939727 5.572407
527 110.347967 51.411968 5.173983
232 46.160276 26.152638 152.305275
519 46.103517 32.874527 165.749053
238 0.000000 100.000000 38.461538
408 14.936864 129.873728 36.530118
67 26.376572 91.549065 -16.901871
483 24.752970 83.599265 -32.801470
616 16.401908 92.305925 -15.388149
36 78.571429 78.571429 142.857143
1745 69.736341 82.579049 134.841903
2587 -47.747877 23.873938 59.762074
2586 -56.565798 28.282899 57.887854
198 100.000000 45.454545 0.000000
592 94.253047 42.506421 -11.493906
357 100.000000 54.545455 0.000000
325 -58.283292 53.858897 29.141646
1 80.000000 20.000000 140.000000
628 85.185458 28.767706 129.629084
390 76.845359 37.998100 146.309283
514 0.000000 0.000000 100.000000
692 0.000000 16.666667 0.000000
75 69.090114 -23.629439 11.814720
185 151.661561 74.169220 61.254344
2648 8.683810 95.993148 -8.013704
195 -10.208765 18.433493 5.104383
723 -16.627135 14.353089 8.313567
489 -22.895700 22.558073 11.447850
728 -14.488610 25.168366 7.244305
2367 -7.241147 23.521428 3.620574
166 -17.499413 52.309022 8.749707
625 -24.350635 49.598195 12.175317
292 -26.058566 56.491432 13.029283
8 73.839640 130.224589 15.112295
290 83.333333 133.333333 16.666667
43 39.286519 116.972170 8.486085
341 25.811389 121.504533 10.752267
585 35.524029 129.411982 14.705991
637 -20.410035 89.794983 33.527647
677 69.516530 7.233450 114.466901
165 61.111111 38.888889 -77.777778
358 35.328620 89.769710 -20.460581
643 40.124776 77.391621 -45.216757
2065 31.775936 83.619488 -32.761024
618 39.741696 26.144915 152.289829
313 90.909091 0.000000 0.000000
193 73.102782 -53.794435 46.010336
285 60.389708 -34.303587 17.151793
705 57.253912 -43.519515 21.759758
650 52.048238 -40.695176 20.347588
161 16.666667 83.333333 -33.333333
500 8.333333 91.666667 -16.666667
608 43.694436 86.058084 -27.883832
257 106.822852 73.530840 3.411426
1808 104.602699 67.345167 2.301349
61 0.000000 8.333333 100.000000
2588 -24.149341 15.883196 87.925330
381 -50.000000 25.000000 75.000000
2184 62.500000 62.500000 -75.000000
20 -29.090589 45.645618 14.545294
655 -30.189146 50.721070 15.094573
317 45.454545 0.000000 100.000000
436 42.191507 -45.350832 77.324584
614 52.605506 -51.247352 74.376324
465 62.301386 -6.458831 3.229416
2192 67.546625 -3.209402 1.604701
244 28.604162 -32.204960 16.102480
525 20.833333 -41.666667 20.833333
294 16.666667 -33.333333 16.666667
29 37.500000 37.500000 175.000000
153 114.565591 92.717204 33.513671
297 100.000000 100.000000 40.000000
476 118.082264 90.958868 41.612803
139 65.841064 -40.349639 20.174819
529 70.311809 -31.376667 15.688334
273 -15.640179 7.820090 76.031712
687 -19.429886 9.714943 61.061620
663 0.000000 0.000000 77.777778
496 35.000000 170.000000 35.000000
342 33.857635 -17.316517 8.658259
2095 25.694960 -18.219131 9.109566
284 30.000000 160.000000 30.000000
40 100.000000 0.000000 87.500000
1817 74.839115 16.738525 133.477050
593 105.268088 97.365956 11.582222
203 100.000000 100.000000 20.000000
2506 6.834998 -4.167319 2.083660
347 9.090909 0.000000 0.000000
4 13.563955 -27.127911 78.572790
563 9.366067 -18.732134 76.739996
428 60.304743 -60.750751 30.375375
633 51.810349 -62.705976 31.352988
115 175.000000 62.500000 37.500000
2243 25.673411 135.216479 17.608240
278 52.519398 -70.836876 35.418438
737 33.333333 66.666667 -66.666667
113 66.666667 166.666667 33.333333
32 92.223718 31.182849 -15.552565
418 100.000000 36.363636 0.000000
678 100.000000 27.272727 0.000000
246 113.629567 85.383733 6.814784
685 125.724578 79.483004 12.862289
344 80.134821 -39.730358 49.658740
11 133.137591 59.991781 83.431204
664 136.363636 81.818182 81.818182
642 124.072907 65.222523 87.963546
425 7.955387 48.235574 -15.910773
112 152.599371 43.966976 73.700314
2657 160.307776 44.179300 69.846112
2652 165.904461 44.113859 67.047770
2632 41.894294 183.788589 51.107023
2130 50.000000 200.000000 50.000000
304 46.511000 -6.431437 3.215719
560 54.545455 0.000000 0.000000
707 56.085342 -4.777498 2.388749
228 56.250000 56.250000 -87.500000
2643 56.561525 51.019882 -86.876950
1723 82.789202 -34.421596 69.141653
249 60.606095 8.152193 -16.304385
696 70.076545 12.714384 -25.428767
2589 -16.487581 11.238568 91.756210
215 50.215087 -75.839957 62.080021
699 42.857143 -85.714286 57.142857
2619 15.362368 6.284222 112.568444
2610 7.805323 17.506539 115.610646
24 13.443792 39.047051 -26.887585
531 6.013820 40.453245 -12.027640
56 -48.476538 54.992434 24.238269
259 -51.533057 59.270413 25.766529
2225 100.000000 81.818182 0.000000
567 9.090909 0.000000 100.000000
2625 8.895549 4.225576 108.451152
2623 6.097292 3.345115 106.690230
700 119.394665 53.774378 9.697333
2685 114.737762 56.283955 7.368881
168 85.806377 3.602737 -7.205475
2644 92.789978 2.289573 -4.579146
138 31.277585 133.039394 83.480303
619 21.428571 142.857143 78.571429
120 110.177609 28.446969 5.088805
337 109.075994 95.462003 25.964262
311 134.527060 70.610487 17.263530
607 134.760149 60.843888 17.380075
660 126.478876 64.486528 13.239438
308 5.815120 -11.630239 43.722163
282 8.333333 -16.666667 8.333333
2507 3.767433 -7.534867 11.971204
462 4.166667 -8.333333 4.166667
536 -36.363636 81.818182 18.181818
594 68.674362 148.255890 24.127945
2031 75.000000 150.000000 25.000000
157 -8.145123 77.614192 4.072561
2433 -10.796620 81.673965 5.398310
513 -6.241957 84.683790 3.120979
280 -8.677517 89.397850 4.338758
2485 -36.488734 68.778939 81.755633
2497 -33.567708 65.570408 83.216146
583 24.528510 46.360996 149.057020
2360 130.038886 84.980557 72.714335
682 12.147071 64.283747 -24.294142
2426 5.968949 70.123652 -11.937899
102 72.910436 154.179129 54.973567
1579 74.847509 150.304982 60.425352
2033 80.916949 138.166102 56.114368
499 36.275210 -3.974920 1.987460
480 28.764901 -57.529801 48.366290
676 163.636364 68.181818 68.181818
2612 16.747050 30.459684 133.494100
367 -18.181818 90.909091 9.090909
673 -24.818614 78.513298 12.409307
13 49.308048 -48.069456 24.034728
207 40.701389 -52.871105 26.435553
360 42.949323 -43.393412 21.696706
370 15.244076 69.968666 130.488152
2056 20.290245 69.127546 140.580490
2218 100.000000 100.000000 26.666667
617 100.000000 100.000000 33.333333
591 100.000000 0.000000 31.250000
135 84.682756 -30.634487 73.853760
464 68.181818 -63.636364 68.181818
679 36.314815 12.679329 125.358658
199 0.000000 100.000000 61.538462
451 11.919550 123.839099 56.658601
33 -33.333333 16.666667 16.666667
506 57.142857 100.000000 100.000000
727 76.943775 105.578404 97.210798
384 57.142857 57.142857 185.714286
106 21.790010 -24.959543 12.479772
630 29.800896 -23.324044 11.662022
741 100.000000 100.000000 13.333333
2534 89.322371 121.355257 21.325939
335 130.405559 39.393697 84.797221
1437 -78.540602 48.371849 39.270301
2312 -75.828686 52.062633 37.914343
652 88.492821 123.014358 50.938685
2441 100.000000 100.000000 46.666667
540 55.366284 38.628603 177.257206
2427 45.833333 45.833333 191.666667
509 78.205335 143.589331 47.362995
69 80.581023 -38.837954 57.482501
1465 68.941767 -62.116466 56.456814
158 90.000000 100.000000 0.000000
645 80.256623 112.436109 6.218055
610 5.000000 110.000000 5.000000
30 149.259550 60.539191 24.629775
277 136.573386 51.523955 18.286693
27 81.994277 -36.011446 38.183133
620 84.909727 -30.180547 31.434982
252 88.742065 -22.515871 35.934598
611 79.486513 141.026975 71.131774
2464 81.818182 -36.363636 81.818182
2468 86.363636 -27.272727 86.363636
2508 80.673410 -17.110631 91.444685
179 36.363636 0.000000 100.000000
413 60.000000 -80.000000 40.000000
2604 52.744826 -89.396057 44.698028
521 -44.928983 64.287112 22.464491
301 -13.048987 6.524494 51.521811
1674 82.363563 135.272875 63.710832
6 63.636364 -72.727273 63.636364
545 59.090909 -81.818182 59.090909
275 73.037815 -53.924370 62.832843
53 -18.435418 90.782291 16.085901
554 -11.083478 94.458261 23.823204
414 0.000000 100.000000 15.384615
19 131.615827 24.070847 15.807913
665 140.000000 20.000000 20.000000
201 63.636364 0.000000 100.000000
539 54.545455 0.000000 100.000000
200 100.000000 0.000000 62.500000
2172 92.989060 -14.021879 43.429608
596 70.000000 30.000000 160.000000
89 117.966264 72.670800 8.983132
694 107.683737 80.862529 3.841868
667 -44.832698 59.518263 22.416349
546 126.385138 50.478729 13.192569
1826 129.239546 43.871881 14.619773
624 94.653879 110.692242 81.791812
2371 93.496904 113.006192 77.859072
221 79.074398 122.529746 88.735127
526 78.645730 114.689785 92.655107
110 120.000000 10.000000 90.000000
2473 110.000000 5.000000 95.000000
2659 114.477035 7.238518 90.996833
2708 75.424407 -49.151186 37.183354
2709 76.565985 -46.868030 39.723043
90 60.000000 100.000000 0.000000
302 51.330475 110.470034 5.235017
2158 -3.590528 83.066275 1.795264
241 35.366907 9.086106 -18.172212
517 27.506772 5.864730 -11.729460
615 29.621608 16.285435 -32.570871
1524 81.963989 66.846751 -36.072022
2486 -40.993162 48.521250 79.503419
211 75.688410 148.623181 71.881966
109 -41.495358 20.747679 46.267683
734 -34.425710 17.212855 64.493775
14 -90.909091 54.545455 45.454545
283 -78.873082 55.370701 39.436541
324 -85.506725 50.799180 42.753362
490 32.130343 -33.225661 83.387170
189 45.324954 82.556270 134.887460
58 50.000000 50.000000 200.000000
222 40.000000 60.000000 180.000000
234 121.895328 89.052336 77.875908
2560 119.514902 90.242549 82.116873
2566 113.426463 93.286768 87.486008
2561 112.042818 93.978591 84.526637
547 -14.487190 75.277101 7.243595
130 100.000000 0.000000 100.000000
334 85.717318 9.148374 118.296747
431 90.909091 0.000000 100.000000
265 71.037541 19.525918 -39.051836
422 62.829187 16.575115 -33.150230
1658 65.244426 22.433696 -44.867392
210 63.183874 32.635757 165.271513
537 60.000000 40.000000 180.000000
73 77.336444 10.353582 -20.707164
410 24.938265 69.718802 149.876531
171 13.016890 59.794354 126.033780
224 170.000000 35.000000 35.000000
2146 180.000000 40.000000 40.000000
2562 136.645925 18.322963 42.022305
2563 128.175019 14.087509 38.920396
698 -27.612343 86.193829 67.485226
549 76.078875 53.774735 147.842250
640 95.313285 46.963252 109.373429
2355 93.137092 35.726175 113.725815
329 51.142150 170.052519 64.973740
584 42.582551 161.902277 69.048862
2279 54.694233 161.093917 69.453041
192 -57.463269 67.310928 28.731634
515 -64.594709 64.049144 32.297355
1596 72.130522 128.392821 85.803589
538 139.990101 80.004950 67.124925
534 150.000000 75.000000 25.000000
558 86.086022 127.827956 72.370875
239 95.283509 109.432982 68.286229
2404 85.000000 130.000000 85.000000
136 65.000000 -70.000000 35.000000
467 71.619806 -56.760388 35.561921
656 70.631156 -58.737687 40.300268
2438 20.000000 100.000000 0.000000
306 -34.226278 36.246702 17.113139
484 -42.809555 38.604491 21.404778
681 -36.117390 42.262660 18.058695
586 0.000000 100.000000 53.846154
661 120.000000 10.000000 10.000000
2564 108.000299 4.000150 7.733704
2474 110.000000 5.000000 5.000000
2699 117.645655 8.822827 14.029080
2700 113.950835 6.975417 12.323090
2590 -63.869132 31.934566 57.009495
368 100.000000 0.000000 93.750000
2663 106.119259 3.059629 94.936708
1931 58.511550 21.325858 -42.651715
21 100.000000 63.636364 0.000000
401 100.000000 72.727273 0.000000
609 46.973866 123.858691 11.929346
1951 58.424003 117.511987 8.755993
603 86.419133 127.161735 81.565165
247 71.802812 88.781396 122.437207
561 10.678696 31.353918 -21.357391
402 11.111111 11.111111 -22.222222
218 -29.174182 70.892575 14.587091
544 100.000000 100.000000 73.333333
2509 62.698616 -34.583713 82.708143
2510 67.210432 -36.373928 81.813036
18 0.000000 91.666667 0.000000
2649 3.150865 90.562757 -6.301730
124 11.875640 -23.751279 46.625194
427 8.535495 -17.070990 59.681129
2536 7.894700 115.789400 80.769921
359 14.285714 128.571429 85.714286
319 162.500000 68.750000 31.250000
712 164.790235 58.862294 32.395117
522 82.919662 59.874459 -34.160676
437 19.130563 -38.261126 41.922153
76 85.395485 129.209030 37.402444
411 83.564290 132.871420 29.039903
1753 20.107966 123.783900 88.108050
2645 50.800749 44.389809 -88.779617
338 53.202996 38.670346 -77.340691
542 163.938275 41.473128 31.969138
704 78.214099 -43.571803 43.225419
170 32.296739 75.787778 -48.424443
2011 45.572080 38.862268 -77.724537
150 25.814134 94.696909 110.606183
613 -36.661377 67.732420 18.330688
2364 15.988407 -31.976814 25.642343
227 71.428571 100.000000 100.000000
715 65.296789 94.125813 111.748374
97 29.177539 57.720963 158.355078
1981 33.424824 60.347190 166.849648
281 155.426224 72.286888 40.205665
2629 58.481427 49.412027 183.037146
39 39.057714 -23.920067 11.960034
380 43.873265 -14.823322 7.411661
333 140.000000 20.000000 80.000000
651 36.363636 0.000000 0.000000
2345 130.000000 15.000000 85.000000
2660 120.742953 10.371477 87.294289
2661 119.237731 9.618865 86.724613
121 83.024968 44.940907 133.950063
1919 88.616776 36.315153 122.766449
504 42.782724 107.338330 3.669165
243 24.275084 36.239909 -48.550167
2207 18.746746 37.905306 -37.493491
371 18.466097 45.326423 -36.932195
94 40.639829 18.052954 136.105908
163 63.636364 0.000000 0.000000
697 120.299168 89.850416 49.879916
279 67.433265 165.133469 45.863275
154 54.584234 130.248319 15.124159
535 66.332650 122.822534 11.411267
2052 -9.090909 95.454545 4.545455
9 138.617406 80.691297 44.598232
2517 68.808092 -29.104111 85.447945
2511 71.658297 -25.497061 87.251470
2465 77.272727 -45.454545 77.272727
2521 74.778057 -23.878255 88.060873
403 47.756024 -57.125958 28.562979
691 68.565507 162.868986 39.550937
202 127.272727 86.363636 86.363636
131 26.462002 152.924004 37.698398
1781 21.717175 143.434350 32.052541
37 85.000000 -30.000000 15.000000
2060 -23.332880 61.657883 11.666440
2122 -22.337938 65.824809 11.168969
430 100.000000 18.181818 0.000000
1516 52.985033 -80.191749 40.095874
152 0.000000 50.000000 0.000000
491 0.000000 41.666667 0.000000
350 -8.490358 51.343714 4.245179
134 -10.473445 94.763278 30.876254
2344 -20.873712 89.563144 27.799649
638 6.900621 -13.801241 18.431477
326 91.449282 58.806399 -17.101435
605 -8.344500 95.827750 9.714544
2347 115.802450 77.755994 92.098775
468 117.715733 69.262972 91.142133
186 131.343325 36.673002 15.671663
122 53.432506 -10.997221 5.498610
710 3.638823 -7.277646 36.611019
2267 91.853686 -16.292628 61.832071
229 75.324585 149.350830 65.058832
2265 65.000000 170.000000 65.000000
2693 34.829769 -69.659539 39.692055
144 50.340201 -34.189910 17.094955
568 48.580917 -26.342279 13.171140
486 57.842617 -26.364761 13.182380
114 0.000000 0.000000 44.444444
208 -27.465066 13.732533 36.730666
524 -81.818182 59.090909 40.909091
233 41.666667 41.666667 183.333333
2389 73.841765 85.735355 -28.529290
288 -22.222222 11.111111 11.111111
2487 -11.102789 9.015855 5.551394
475 0.000000 8.333333 0.000000
2514 84.398245 -31.203510 76.821819
2522 87.308470 -25.383061 79.005333
2402 72.727273 -54.545455 72.727273
648 95.258248 65.807027 -9.483505
2630 95.998546 82.567537 108.002908
378 112.500000 93.750000 6.250000
328 72.727273 0.000000 100.000000
736 -71.410241 59.860374 35.705121
145 89.583708 68.058072 -20.832584
64 35.714286 -71.428571 64.285714
44 45.454545 0.000000 0.000000
1846 53.619665 17.485902 134.971803
2326 60.388916 10.095274 120.190547
264 160.872179 51.731399 30.436090
2546 11.470387 6.384548 -12.769097
2544 7.445593 4.610243 -9.220486
494 55.555556 44.444444 -88.888889
2614 6.943042 29.223645 113.886084
2617 9.694063 23.962707 119.388126
1759 55.000000 190.000000 55.000000
2694 37.460191 -74.920381 41.583777
471 41.666667 -83.333333 41.666667
2697 40.289413 -80.578826 44.743691
2695 38.601020 -77.202039 44.103530
339 31.492316 50.577307 -62.984632
1776 24.691515 48.166777 -49.383029
532 20.283107 54.674604 -40.566213
133 100.000000 0.000000 12.500000
2701 104.300404 2.150202 9.378000
2565 109.201317 4.600659 11.028296
2678 104.442022 97.778989 6.124722
495 150.053392 46.991502 25.026696
2545 90.045422 94.645112 -10.709775
1937 -59.347447 43.085544 29.673723
93 150.322911 35.798118 25.161456
472 39.583492 53.948996 179.166985
2555 109.601826 9.248611 4.800913
1924 40.041401 15.581059 -31.162118
2605 52.890798 -85.313618 42.656809
184 27.272727 0.000000 0.000000
444 40.230404 -34.040242 17.020121
2633 50.466202 186.476400 43.238200
2686 106.720895 56.432244 3.360448
2515 58.981265 -34.764713 82.617643
2512 55.044627 -31.747868 84.126066
177 126.961875 57.059278 13.480937
2400 118.179034 61.248188 9.089517
1962 -11.742852 39.135001 5.871426
209 87.262737 125.474526 70.362506
658 139.354051 40.883219 19.677026
683 91.986081 20.361453 -16.027838
388 5.088237 -10.176473 72.446179
2079 49.886606 -15.261802 7.630901
2516 4.750347 -9.500694 15.239559
2530 12.524962 96.174227 107.651546
362 14.285714 100.000000 100.000000
530 -100.000000 50.000000 50.000000
2488 -83.333333 41.666667 58.333333
2489 -55.167440 38.388476 72.416280
1615 78.075088 15.432314 -30.864628
83 -16.431313 81.396892 8.215657
482 -21.626121 72.610045 10.813061
1956 60.000000 180.000000 60.000000
2639 48.590877 182.080309 58.959845
2640 48.861828 175.890350 62.054825
146 78.555701 8.151717 116.303434
2467 95.454545 -9.090909 95.454545
2527 97.993226 -4.013549 94.491425
2616 10.999877 20.793849 121.999754
695 -4.218126 57.307356 2.109063
2568 129.479112 14.739556 30.661875
2569 138.741656 19.370828 33.898310
327 24.850144 53.109197 149.700288
2689 33.298587 47.499207 166.597175
2696 95.783774 26.460326 108.432452
2599 12.098862 -10.896246 94.551877
2600 7.083157 -6.295490 96.852255
2601 16.808717 -16.224845 91.887578
541 27.725706 119.239064 90.380468
287 -18.915459 42.823835 9.457730
314 100.000000 14.285714 100.000000
2316 95.656411 11.909447 108.687178
477 88.931550 -22.136900 40.338269
2570 134.229169 17.114584 36.329677
125 35.714286 171.428571 64.285714
182 0.000000 0.000000 88.888889
240 92.625644 23.352075 114.748711
479 90.000000 10.000000 120.000000
2680 19.413830 62.030870 138.827661
2490 -15.860710 87.498322 92.069645
2483 -11.971783 83.325386 94.014109
231 7.142857 114.285714 92.857143
1749 18.085643 109.561301 95.219350
80 67.082052 -52.445560 26.222780
647 70.000000 -60.000000 30.000000
65 100.000000 9.090909 0.000000
263 113.108672 16.317266 6.554336
2484 -22.636654 79.120658 88.681673
105 28.524539 42.088773 -57.049078
2425 -27.272727 86.363636 13.636364
2557 106.931524 96.534238 90.794269
670 -13.258612 56.780594 6.629306
159 22.668474 -25.431705 87.284148
1739 28.571429 -57.142857 71.428571
2083 65.199020 141.606671 20.803336
523 18.181818 0.000000 0.000000
447 -36.507964 48.052149 18.253982
2466 90.909091 -18.181818 90.909091
2523 93.205904 -13.588192 88.568808
1989 -28.462938 40.415797 14.231469
2641 49.112005 189.448649 55.275676
2038 28.571429 100.000000 100.000000
474 138.591748 30.440858 19.295874
435 94.733739 110.532523 74.186302
162 12.627858 -25.255716 64.922616
533 16.375983 -32.751967 52.975975
1834 -23.964973 35.100173 11.982486
416 12.500000 -25.000000 12.500000
2179 86.855571 -26.288858 45.476992
299 -53.853270 64.114072 26.926635
336 22.638231 -45.276462 51.360025
123 -20.589074 28.990219 10.294537
580 90.000000 120.000000 90.000000
1839 24.184661 148.369323 57.459413
2547 76.296906 89.806040 -20.387921
2374 20.945985 -41.891970 47.108935
576 0.000000 100.000000 92.307692
2537 5.871496 111.742991 89.940085
2535 4.675318 109.350637 85.045074
2432 21.428571 -42.857143 78.571429
2280 19.251644 -38.503288 74.800168
2658 107.607546 14.976867 96.196227
2642 89.414515 103.894601 98.052700
2650 7.420992 86.147117 -14.841985
1899 121.981268 24.252556 10.990634
196 0.000000 100.000000 23.076923
2538 90.480822 107.275694 3.637847
688 28.571429 157.142857 71.428571
562 0.000000 100.000000 76.923077
460 74.273052 151.453897 68.461507
147 -72.727273 63.636364 36.363636
439 -55.555556 27.777778 27.777778
2493 -9.509851 4.754926 9.878304
38 190.000000 45.000000 45.000000
2513 96.010621 -7.978757 91.453778
450 89.981659 120.036681 68.665146
641 100.000000 0.000000 18.750000
595 160.000000 30.000000 30.000000
1626 -31.398970 15.699485 44.671911
2491 -23.433710 76.166792 88.283145
204 -44.444444 77.777778 77.777778
2609 22.258366 9.027304 118.054609
548 -33.333333 83.333333 83.333333
2476 -22.222222 88.888889 88.888889
2494 -15.032975 92.483512 83.329389
2495 -22.863148 88.568426 79.675879
417 -74.867528 62.566236 48.691213
2579 141.700533 20.850267 44.463431
1460 -59.648471 64.155905 29.824236
92 43.349596 -68.039444 34.019722
654 37.500000 -75.000000 37.500000
2613 11.492059 40.889407 122.984117
599 0.000000 41.666667 100.000000
2618 14.351444 35.545606 128.702888
631 -9.914454 43.402357 4.957227
2662 111.243390 23.438413 94.378305
2574 111.494676 5.747338 20.286135
2578 121.185964 10.592982 24.702834
2575 113.373225 6.686613 23.853522
2704 124.423580 12.211790 22.087704
2655 116.207970 8.103985 85.854163
2496 -21.504987 89.247507 77.015817
646 -64.014316 67.992842 57.070548
2492 -18.712355 90.643823 73.686533
2548 93.448856 97.098778 -5.802444
2634 8.089057 116.178114 18.861568
2323 15.000000 130.000000 15.000000
156 0.000000 100.000000 84.615385
2502 -9.861397 95.069302 89.325415
2501 -4.194502 97.902749 92.138587
190 -38.681874 62.164722 19.340937
2673 178.188368 45.845083 60.905816
2671 183.978637 49.456362 58.010681
573 5.555556 5.555556 -11.111111
2576 112.940390 6.470195 16.779429
2551 108.956366 4.478183 14.234982
2687 -13.704921 47.469732 6.852461
87 118.347888 90.826056 67.951841
2299 100.000000 100.000000 66.666667
2615 11.130856 30.545832 122.261713
2469 -11.111111 5.555556 5.555556
2472 8.333333 8.333333 116.666667
2611 12.060663 5.223855 110.447710
2621 1.584235 7.793905 103.168470
355 42.857143 185.714286 57.142857
1885 96.619191 38.876863 -6.761618
2295 -30.087727 29.785867 15.043864
2707 70.732655 -58.534691 33.177581
2607 94.675601 -10.648797 11.970916
2606 95.849892 -8.300217 10.003214
2602 96.489107 -7.021786 6.685481
191 0.000000 0.000000 0.000000
2549 2.329382 6.910344 -4.658764
2684 37.554093 175.108186 49.280298
2591 -8.288562 6.976309 95.855719
2690 39.065258 49.792490 178.130516
1915 -66.666667 66.666667 66.666667
2681 17.015651 60.857989 134.031303
739 5.888219 111.776439 13.977649
217 -33.333333 16.666667 83.333333
578 -55.555556 72.222222 72.222222
2573 139.080501 19.540251 49.693663
2540 9.878554 105.961754 97.019123
2646 97.587373 10.960802 -4.825255
2647 98.007954 6.401817 -3.984091
256 150.000000 25.000000 25.000000
2651 8.954096 81.839494 -17.908193
1965 81.818182 0.000000 100.000000
2592 -7.678634 3.839317 85.158723
553 -16.666667 8.333333 91.666667
2593 -6.086325 3.043163 91.428570
2577 150.156207 25.078103 45.831419
1771 115.706742 34.228590 7.853371
2348 136.361302 30.733146 81.819349
557 34.060236 168.120473 54.111962
2533 87.867898 124.264204 17.366565
2541 88.047567 123.904865 19.256459
2539 3.253588 106.507176 93.776230
2087 38.861402 -60.607302 30.303651
2635 1.625696 103.251392 7.719471
2581 104.900456 5.834880 2.450228
2572 128.133015 14.066508 26.322942
2208 -66.666667 33.333333 66.666667
2596 -45.946499 34.225241 77.026750
2594 -45.285222 31.845823 77.357389
2636 3.128479 106.256958 10.520434
2528 92.746172 -14.507655 86.617533
2518 91.415149 -17.169701 84.037690
2519 87.562906 -24.874189 80.676786
2520 77.453930 -24.561414 87.719293
2526 94.080632 -4.143428 97.928286
2524 89.958892 -7.482805 96.258598
2525 86.581812 -13.480671 93.259664
2698 98.500962 -2.998076 91.798801
2529 83.859260 -14.466007 92.766996
2498 -5.553475 5.726186 2.776737
2499 -5.155241 2.577620 6.636243
2620 6.665393 13.412054 113.330786
2471 4.166667 4.166667 108.333333
2622 3.754509 9.802860 107.509018
2624 4.688309 12.053728 109.376618
2664 104.401887 8.565645 97.799057
2580 104.500075 2.250037 4.745926
385 100.000000 0.000000 6.250000
2503 -11.776210 90.277336 94.111895
2504 -11.779149 94.110426 86.539769
2595 -87.954366 43.977183 52.083925
2705 120.026338 10.013169 15.836977
2668 137.659648 18.829824 60.807987
2669 151.147251 25.573625 61.799122
2567 109.634951 95.182524 88.964009
2674 139.235774 19.617887 66.639000
2675 175.145021 45.678144 62.427490
2706 98.084750 -3.830501 8.859674
