216 25.000000 0.000000 100.000000
1954 26.785714 0.000000 100.000000
864 28.983180 13.762645 86.237355
85 33.574967 -33.574967 39.172565
1894 35.194304 -35.194304 42.094338
1912 33.958798 -33.958798 42.463565
924 36.965976 -36.965976 45.038903
1895 36.677981 -36.677981 41.123365
649 9.330831 -4.484297 4.484297
650 7.606919 -3.103754 3.103754
97 9.139733 -2.037023 2.037023
256 77.344173 22.655827 74.780829
667 79.795343 20.204657 72.856697
1292 76.497009 23.502991 70.976626
214 21.428571 0.000000 100.000000
1972 20.304511 -0.626554 99.373446
1964 21.109792 -1.065341 98.934659
431 16.914923 -0.641713 99.358287
1955 19.642857 0.000000 100.000000
1956 17.857143 0.000000 100.000000
962 96.702215 -3.297785 8.073066
798 94.837541 -5.162459 13.410360
2540 95.623849 -4.376151 9.601921
1212 90.652435 -9.347565 23.549556
1291 91.824608 -8.175392 21.215972
75 91.816911 -8.183089 24.224314
1317 58.333333 41.666667 41.666667
1319 58.139462 41.860538 46.461644
1504 60.614143 39.385857 46.379516
107 15.034997 -15.034997 26.187984
2088 14.934688 -14.934688 24.125616
2089 16.068014 -16.068014 25.249331
2120 13.927443 -13.927443 23.585942
2765 14.340544 -14.340544 24.742418
1426 66.807594 33.192406 39.609054
853 69.248552 30.751448 36.276079
2041 67.033161 32.966839 35.885747
1386 14.750896 -13.629377 86.370623
566 12.962963 -12.962963 87.037037
2339 14.814815 -14.814815 85.185185
249 12.226603 -12.226603 61.696157
40 14.278585 -14.278585 66.896469
1070 11.334663 -11.334663 66.868879
66 91.981233 -8.018767 70.634638
2834 91.911087 -8.088913 68.203680
2827 93.031166 -6.968834 68.768931
796 19.873890 -19.873890 36.121030
103 17.319208 -17.319208 32.896718
1896 19.217895 -19.217895 32.296727
795 21.509838 -21.509838 28.951568
2767 22.085114 -22.085114 32.087487
2771 21.121830 -21.121830 31.163812
179 11.245810 -3.819115 96.180885
181 9.489326 -3.047832 96.952168
1433 10.126435 -4.233013 95.766987
115 90.711222 -9.288778 19.772312
2541 90.927356 -9.072644 17.490304
89 92.158307 -7.841693 16.934012
1488 37.886322 -11.060804 88.939196
357 37.500000 0.000000 100.000000
621 36.076202 -10.401670 89.598330
541 83.146327 3.629694 96.370306
542 83.928571 0.000000 100.000000
1404 84.603640 4.177640 95.822360
1406 18.014164 6.522047 6.522047
1194 19.148936 0.000000 0.000000
1239 17.021277 0.000000 0.000000
751 93.304826 -6.695174 32.290226
343 91.576906 -8.423094 32.169989
991 93.178995 -6.821005 28.787903
896 95.064454 4.935546 16.916927
646 93.464815 6.535185 18.579429
1087 94.514642 5.485358 20.629504
1016 6.382979 0.000000 0.000000
98 4.886410 2.408821 2.408821
965 6.696151 4.684055 4.684055
143 53.448276 -46.551724 46.551724
2319 52.329319 -47.670681 49.815821
2293 51.724138 -48.275862 48.275862
1332 90.284791 -9.715209 11.551311
260 89.370296 -10.629704 14.275953
1306 88.571767 -11.428233 13.215966
738 53.778203 29.013725 29.013725
645 51.210249 29.203607 29.203607
2504 52.080027 35.628465 35.628465
737 52.779085 40.908670 40.908670
639 50.713904 42.462882 42.462882
1510 75.487189 -24.512811 60.780922
288 78.290623 -21.709377 58.689858
1077 77.868931 -22.131069 63.606987
631 41.486192 -41.486192 53.636369
2232 42.100572 -42.100572 49.609554
72 44.021190 -44.021190 51.184663
233 90.828171 -9.171829 49.133744
1494 93.848122 -6.151878 46.673453
1454 93.337570 -6.662430 54.879660
1280 94.815147 -5.184853 10.161122
2542 93.902849 -6.097151 12.503532
1281 93.511983 -6.488017 11.117494
173 12.411597 -3.414170 96.585830
504 13.951158 -4.046138 95.953862
506 13.561037 -2.961333 97.038667
284 50.612117 21.184903 78.815097
1203 48.281806 23.058379 76.941621
1200 47.683887 10.558552 89.441448
1482 81.787186 18.212814 64.783656
1403 79.580170 20.419830 67.064663
668 81.660653 18.339347 69.489265
605 10.726649 -10.726649 72.028757
266 8.495843 -8.495843 73.918258
269 8.264428 -8.264428 67.604601
984 11.111111 -11.111111 88.888889
2377 9.757302 -9.757302 88.286549
2355 10.494140 -10.494140 86.794902
1012 8.442291 8.442291 29.161988
1024 6.457984 6.457984 32.703682
10 8.869005 8.869005 34.647714
522 8.570431 -8.570431 82.443457
1465 8.389889 -8.389889 78.983685
518 10.158214 -10.158214 80.928377
471 12.220228 -12.220228 45.962818
1258 9.592003 -9.592003 49.051681
1491 8.934029 -8.934029 43.162561
418 28.362636 -7.026823 92.973177
37 27.416316 -13.505857 86.494143
36 29.704568 -12.767108 87.232892
1106 0.998901 0.998901 22.022967
1208 1.074944 1.074944 17.908726
1266 0.000000 0.000000 19.047619
1178 26.457484 26.457484 45.985557
1177 28.035455 28.035455 43.960730
2431 26.531232 26.531232 41.016310
863 23.275133 23.275133 31.823783
2430 24.844074 24.844074 39.180761
1175 26.115216 26.115216 35.802337
208 80.324825 -13.810020 86.189980
1267 82.693748 -12.577196 87.422804
1068 81.477904 -6.526050 93.473950
1195 18.683816 13.049705 13.049705
1141 17.230602 11.820103 11.820103
194 72.916667 27.083333 27.083333
2151 73.108925 15.743023 15.743023
2090 71.574230 13.926653 13.926653
198 70.833333 29.166667 29.166667
2091 70.033264 11.566897 11.566897
2190 69.460885 14.741166 14.741166
1111 33.890656 33.890656 53.735472
1110 37.096774 37.096774 62.903226
1115 36.145908 36.145908 53.691348
698 69.185881 30.814119 49.367194
695 71.897865 28.102135 50.708142
697 71.044514 28.955486 46.214197
46 96.504936 3.495064 75.326703
42 96.950601 3.049399 79.101910
45 97.640810 2.359190 76.828631
145 11.473570 11.473570 78.230658
1025 8.856090 8.856090 80.824009
196 10.967477 10.967477 82.511448
294 3.025829 -3.025829 90.613153
31 1.425610 -1.425610 90.784008
455 2.669447 -2.669447 86.998036
919 67.857143 0.000000 100.000000
1957 66.071429 0.000000 100.000000
1958 65.866494 -10.799161 89.200839
881 62.008470 -16.942387 83.057613
1984 64.285714 0.000000 100.000000
562 15.077571 -10.974775 89.025225
560 16.863047 -12.930024 87.069976
693 16.278283 -11.060606 88.939394
70 92.966067 -7.033933 18.520112
2294 93.756404 -6.243596 18.579468
1293 93.195879 -6.804121 21.219322
79 94.451314 -5.548686 16.762360
1295 94.346648 -5.653352 19.205180
1351 22.048641 -18.086856 81.913144
2362 21.553674 -19.526322 80.473678
2385 22.256319 -20.244569 79.755431
2488 33.173066 33.173066 49.014133
2501 32.766197 32.766197 49.452342
1271 29.680166 29.680166 51.276922
2432 31.756209 31.756209 51.572246
1251 30.206088 30.206088 45.504143
377 11.604717 -6.639044 93.360956
1428 12.906209 -7.198203 92.801797
378 12.419721 -6.159372 93.840628
1472 39.132184 9.914326 90.085674
429 40.592194 20.616219 79.383781
436 38.796063 18.531620 81.468380
408 39.433266 9.080645 9.080645
2622 38.346216 22.092275 22.092275
2640 40.455409 14.364269 14.364269
936 15.602691 -7.216112 92.783888
862 17.063372 -7.044759 92.955241
851 15.679389 -5.973999 94.026001
1131 27.818313 27.818313 33.614053
2650 27.936317 27.936317 30.382785
2643 26.666667 26.666667 26.666667
1227 30.000000 30.000000 30.000000
2646 31.092327 31.092327 34.357506
2632 31.642737 31.642737 34.226915
161 48.437534 -24.706957 75.293043
2234 48.622203 -34.124988 65.875012
157 50.462010 -34.168370 65.831630
1318 85.053168 -10.555756 89.444244
135 83.428909 -5.719972 94.280028
993 94.356971 -5.643029 39.693005
2195 95.727058 -4.272942 43.237317
2198 95.876978 -4.123022 38.616049
2208 95.758209 -4.241791 40.484676
413 27.174952 -27.174952 63.848142
1153 29.239803 -29.239803 61.442862
2235 29.418007 -29.418007 66.091197
412 31.481481 -31.481481 68.518519
2236 30.698935 -30.698935 64.279380
2267 31.896622 -31.896622 64.733041
451 5.988038 -1.671361 1.671361
96 7.525661 -1.362428 1.362428
1342 84.524640 -15.475360 19.667452
802 85.766556 -14.233444 19.713814
555 84.828564 -15.171436 21.508729
50 92.758755 7.241245 88.523907
52 92.908052 7.091948 90.969710
53 94.265067 5.734933 91.761602
1081 86.903917 13.096083 78.195394
236 88.405284 11.594716 80.801942
943 88.547439 11.452561 78.425313
1022 79.135003 20.864997 48.968073
445 81.116484 18.883516 51.986741
1180 82.037473 17.962527 48.238116
815 92.674289 7.325711 9.857269
1004 93.750000 6.250000 6.250000
300 91.666667 8.333333 8.333333
1331 86.149865 -5.963997 5.963997
162 82.978723 0.000000 0.000000
1250 85.106383 0.000000 0.000000
144 3.459058 -3.459058 28.891895
136 3.313658 -3.313658 24.723607
1185 4.890559 -4.890559 27.227576
132 84.053573 15.946427 68.834499
133 86.664848 13.335152 69.124606
134 84.859519 15.140481 64.961053
443 78.879578 21.120422 54.383089
444 77.440062 22.559938 58.789389
438 80.349996 19.650004 59.576504
1027 17.690301 -11.753839 88.246161
945 18.776379 -13.828649 86.171351
653 3.109822 3.109822 26.626477
409 2.681488 2.681488 31.183526
1147 4.148594 4.148594 29.720814
570 10.326567 -10.326567 13.280975
575 10.991649 -10.991649 12.632722
1233 11.521620 -11.521620 14.861634
467 15.483996 -15.483996 51.321917
468 15.270065 -15.270065 44.842070
16 6.221221 -6.221221 40.794356
1132 7.995184 -7.995184 37.478424
204 77.551471 -22.448529 74.096100
1899 78.571429 -21.428571 78.571429
1900 77.142857 -22.857143 77.142857
494 6.565950 6.565950 44.956834
492 3.879332 3.879332 51.135438
493 7.583519 7.583519 52.914656
1387 55.311510 30.640755 69.359245
1260 56.000000 44.000000 56.000000
1254 53.310720 32.661572 67.338428
916 68.000000 32.000000 68.000000
2725 67.937532 16.756879 83.243121
2724 68.864087 15.529944 84.470056
1213 88.843133 -11.156867 28.745719
351 90.377369 -9.622631 26.618770
717 90.156820 -9.843180 30.133557
1058 16.186695 16.186695 80.010757
2020 14.857264 14.857264 78.672299
2021 14.256711 14.256711 80.818635
636 16.847895 16.847895 76.150344
373 89.826582 -10.173418 33.339561
178 5.822592 -5.822592 86.767926
1240 5.251133 -5.251133 84.407128
959 6.524734 -6.524734 84.498805
782 56.250000 43.750000 43.750000
626 11.650082 -11.650082 16.873845
1222 12.939321 -12.939321 19.131485
627 11.386011 -11.386011 18.754395
608 82.142857 0.000000 100.000000
1186 4.706673 -4.706673 20.356452
422 5.733500 -5.733500 19.541273
463 5.875624 -5.875624 22.444187
112 98.719448 1.280552 20.010360
113 98.812022 1.187978 15.993868
114 97.708999 2.291001 17.853198
58 93.582739 -6.417261 77.496861
57 91.774755 -8.225245 78.450402
1210 92.101767 -7.898233 74.559088
1371 93.014264 6.985736 81.439612
2539 93.590835 6.409165 81.594085
2506 93.134213 6.865787 80.123927
2505 94.087860 5.912140 80.169299
1881 93.815966 6.184034 81.084386
2538 94.226972 5.773028 81.601760
1455 93.457018 6.542982 79.288828
664 83.529672 16.470328 78.672837
1089 83.453575 16.546425 75.832010
663 81.710903 18.289097 76.271191
1007 96.115155 2.226845 2.226845
2729 97.976040 1.077545 1.077545
1334 97.872340 0.000000 0.000000
603 84.679271 15.320729 17.910093
2123 85.468621 14.531379 18.936032
2092 86.498130 13.501870 17.678370
1104 86.760262 13.239738 15.465756
2093 87.721018 12.278982 16.132003
629 16.514636 -16.514636 18.601702
917 16.000000 -16.000000 16.000000
1155 18.000000 -18.000000 18.000000
2175 75.862069 -24.137931 24.137931
2094 77.586207 -22.413793 22.413793
2568 76.922783 -23.077217 24.845967
763 79.310345 -20.689655 20.689655
2543 78.230202 -21.769798 24.170135
287 80.709215 -19.290785 61.472372
814 94.423339 5.576661 8.281956
1413 95.833333 4.166667 4.166667
1290 91.009757 -8.990243 15.706402
866 92.262362 -7.737638 13.842588
2546 91.757865 -8.242135 15.808792
1090 87.085515 -12.914485 18.483161
577 86.378767 -13.621233 21.180766
59 94.814280 -5.185720 80.968394
60 94.433448 -5.566552 85.025387
1282 93.089831 -6.910169 81.611457
175 12.842273 -4.521033 95.478967
1434 11.802427 -4.974840 95.025160
659 6.572266 6.572266 27.189785
2216 5.391764 5.391764 29.279761
1160 71.978842 28.021158 67.413701
1243 73.921837 26.078163 69.839967
2418 73.703647 26.296353 66.949467
1405 77.007189 22.992811 65.930006
2420 76.784383 23.215617 68.453105
2403 78.281809 21.718191 69.205779
41 97.973134 2.026866 80.136224
44 97.695074 2.304926 82.991932
1129 29.787234 0.000000 0.000000
2689 29.932187 15.846106 15.846106
2683 30.844512 15.398580 15.398580
1228 31.666667 31.666667 31.666667
2686 32.638295 12.449588 12.449588
2687 31.766092 14.878709 14.878709
383 0.000000 0.000000 66.666667
768 0.949589 -0.949589 69.782417
486 0.000000 0.000000 71.428571
475 91.295577 -8.704423 13.866246
1283 90.861079 -9.138921 12.790772
1278 92.200029 -7.799971 11.739342
304 63.843023 -36.156977 51.370286
1091 65.396950 -34.603050 54.586927
302 62.192682 -37.807318 56.479757
488 9.259259 -9.259259 90.740741
435 7.407407 -7.407407 92.592593
2342 7.592262 -7.592262 90.753887
218 23.731525 -8.063166 91.936834
210 23.112528 -4.287305 95.712695
219 21.899971 -7.174274 92.825726
692 57.815383 19.809154 80.190846
2397 56.614828 26.142864 73.857136
689 55.555890 12.359984 87.640016
1448 58.000000 42.000000 58.000000
906 73.803644 -26.196356 52.475792
1511 73.083595 -26.916405 57.898618
1093 70.627294 -29.372706 55.014341
414 27.301218 -27.301218 57.637637
1130 27.432255 15.749778 15.749778
185 27.659574 0.000000 0.000000
1382 1.977508 1.977508 28.044202
1209 2.011621 2.011621 24.265655
1263 1.010377 1.010377 26.408447
1459 12.000000 -12.000000 12.000000
1440 13.200478 -10.115132 10.115132
1 14.000000 -14.000000 14.000000
34 27.777778 -27.777778 72.222222
2344 29.112563 -24.282490 75.717510
2345 27.606516 -22.405063 77.594937
33 28.451365 -18.638476 81.361524
32 30.769867 -20.761044 79.238956
954 18.888829 18.888829 66.159130
1054 15.757633 15.757633 67.917970
951 18.221901 18.221901 71.472732
524 38.888889 -38.888889 61.111111
2346 38.391076 -30.224998 69.775002
666 37.037037 -37.037037 62.962963
594 39.621652 -24.526870 75.473130
2381 39.297147 -31.279972 68.720028
2360 40.286973 -31.479129 68.520871
955 21.899418 12.122650 87.877350
957 25.806452 25.806452 74.193548
950 24.193548 24.193548 75.806452
1487 7.141213 -0.999818 99.000182
969 8.888958 -0.911047 99.088953
968 7.142857 0.000000 100.000000
453 4.718433 -4.718433 23.548031
1182 6.122723 -6.122723 25.644445
491 86.206897 -13.793103 13.793103
1308 84.482759 -15.517241 15.517241
2749 83.630851 -8.523427 8.523427
1512 100.000000 0.000000 54.545455
71 100.000000 0.000000 59.090909
2654 98.804998 -1.195002 55.085269
1324 98.728506 -1.271494 20.952979
316 98.748340 -1.251660 17.612974
119 100.000000 0.000000 18.181818
259 7.204485 -3.963827 96.036173
264 8.419491 -5.163171 94.836829
375 9.138768 -4.689767 95.310233
452 5.926195 -3.675565 3.675565
88 31.332796 -31.332796 49.836446
1167 29.529990 -29.529990 50.725008
355 30.178562 -30.178562 45.670233
1499 20.606700 -20.606700 72.049141
2237 20.407942 -20.407942 75.832479
307 18.377388 -18.377388 73.597859
74 22.222222 -22.222222 77.777778
558 20.370370 -20.370370 79.629630
11 14.530545 -14.530545 16.618732
416 31.103286 -5.209197 94.790803
410 32.123941 -11.461252 88.538748
1391 18.580489 -15.642157 84.357843
63 99.122538 0.877462 71.596633
1064 98.376203 1.623797 74.512193
347 99.367330 0.632670 76.110803
953 22.269486 22.269486 70.935279
54 89.984594 10.015406 85.807414
370 90.161182 9.838818 88.255488
56 91.516436 8.483564 88.563041
1505 83.582992 -16.417008 30.299109
762 81.053063 -18.946937 31.204009
2295 82.439204 -17.560796 28.252676
1088 83.713868 -16.286132 25.419615
2304 84.733791 -15.266209 27.330128
2305 83.617464 -16.382536 27.825382
682 22.114953 22.114953 46.331176
681 19.793210 19.793210 44.081648
676 20.269941 20.269941 49.800960
997 98.027969 1.972031 38.670738
1414 97.159516 2.840484 35.414237
1003 95.755455 4.244545 38.469760
2238 7.417973 -7.417973 83.106770
1873 7.922676 -7.922676 84.649748
2286 7.187343 -7.187343 84.718325
1109 36.671377 30.481823 69.518177
427 36.122671 21.225391 78.774609
982 38.236934 27.548515 72.451485
283 91.269167 -8.730833 82.165721
1103 35.852612 35.852612 39.063471
2626 35.000000 35.000000 35.000000
2627 34.521619 34.521619 36.718709
407 36.666667 36.666667 36.666667
1036 6.256230 6.256230 7.204370
2647 8.333333 8.333333 8.333333
2648 6.666667 6.666667 6.666667
761 81.597443 -18.402557 26.248512
2297 81.070396 -18.929604 28.519426
971 10.546943 -1.721890 98.278110
180 10.802804 -2.723805 97.276195
177 12.066499 -2.413593 97.586407
1052 32.258065 32.258065 67.741935
424 33.870968 33.870968 66.129032
1274 30.780473 30.780473 59.818713
1507 98.381501 1.618499 28.357418
1020 96.672964 3.327036 29.233559
1017 98.090281 1.909719 32.252825
933 68.462297 -31.537703 47.529218
934 68.246286 -31.753714 52.442250
828 66.315093 -33.684907 50.557504
1264 1.728661 -1.728661 26.400052
149 0.000000 0.000000 28.571429
142 0.000000 0.000000 23.809524
583 32.000000 -32.000000 32.000000
2733 30.841497 -15.876720 15.876720
2737 31.935265 -16.057829 16.057829
2734 29.411587 -17.202491 17.202491
1353 23.685891 -11.982443 88.017557
1349 21.699441 -13.727414 86.272586
2783 23.913978 -15.680127 84.319873
469 17.886759 -17.886759 48.314688
1372 96.401804 3.598196 87.883436
1479 97.324307 2.675693 93.175278
1245 98.302733 1.697267 91.770148
292 83.671673 -16.328327 53.096224
232 86.066095 -13.933905 49.488832
291 86.797726 -13.202274 55.405387
966 98.407225 -1.592775 5.863708
1460 100.000000 0.000000 4.545455
314 98.536953 -1.463047 9.764454
1385 33.928571 0.000000 100.000000
1310 35.714286 0.000000 100.000000
1961 35.229170 6.246489 93.753511
213 27.419355 27.419355 72.580645
217 29.032258 29.032258 70.967742
868 25.652453 25.652453 69.770376
326 2.000000 -2.000000 2.000000
2735 3.089703 -1.971605 1.971605
1080 4.000000 -4.000000 4.000000
1284 84.000000 16.000000 84.000000
1270 82.000000 18.000000 82.000000
647 83.487435 12.586688 87.413312
781 57.623001 17.110422 17.110422
1225 60.002479 18.398236 18.398236
2095 58.646887 8.802607 8.802607
2096 57.073691 9.936597 9.936597
1246 18.796596 18.796596 23.615304
2434 17.690127 17.690127 26.948933
2435 19.185468 19.185468 27.764747
1268 86.829457 -8.075150 91.924850
1461 88.223245 -5.334504 94.665496
1443 86.708839 -3.614097 96.385903
1489 85.768635 14.231365 72.317812
106 18.279482 -18.279482 20.000863
903 17.334821 -17.334821 21.331506
797 75.664406 24.335594 33.330863
2022 75.845779 24.154221 30.129926
2053 74.060087 25.939913 30.960993
712 42.758902 -31.924832 31.924832
1903 42.000000 -42.000000 42.000000
713 40.000000 -40.000000 40.000000
1394 83.671717 -16.328283 38.981390
227 85.527893 -14.472107 43.533589
1393 82.142237 -17.857763 44.318144
611 89.583333 10.416667 10.416667
299 89.390724 4.918512 4.918512
459 89.470974 10.529026 65.909373
139 87.354127 12.645873 65.328938
138 88.633597 11.366403 68.993995
1151 12.323368 12.323368 41.926282
1146 10.266579 10.266579 47.474243
678 14.279829 14.279829 48.862651
1962 30.357143 0.000000 100.000000
1963 28.142262 -2.680406 97.319594
1174 23.702305 23.702305 42.900520
1275 24.784468 24.784468 49.590621
994 90.336537 -9.663463 36.615103
1286 82.805985 17.194015 32.811849
538 86.021658 13.978342 31.209097
1289 83.423379 16.576621 28.407559
777 3.928512 3.928512 34.450593
2224 5.157685 5.157685 34.014469
2217 5.016908 5.016908 32.033864
809 78.723404 0.000000 0.000000
434 78.764588 9.949007 9.949007
356 80.354245 7.428349 7.428349
1242 72.000000 28.000000 72.000000
1244 70.000000 30.000000 70.000000
2723 71.586667 16.383184 83.616816
285 80.978146 -19.021854 56.159535
211 23.214286 0.000000 100.000000
481 19.036822 -1.440874 98.559126
328 6.392009 -6.392009 71.627089
272 5.216320 -5.216320 74.939331
273 4.320268 -4.320268 70.748412
1055 15.019414 15.019414 72.600376
607 82.161228 17.838772 19.555572
1322 81.250000 18.750000 18.750000
900 79.166667 20.833333 20.833333
1354 24.074074 -24.074074 75.925926
2239 21.982453 -21.982453 75.000665
1145 11.463257 11.463257 55.578163
1363 11.124952 11.124952 62.477864
572 13.438289 13.438289 60.503882
330 6.780477 -6.780477 10.299082
150 6.118220 -6.118220 11.823671
243 4.817839 -4.817839 7.645100
1481 11.307525 -10.522758 89.477242
1237 43.548387 43.548387 56.451613
405 42.154855 42.154855 47.737989
1500 40.588585 40.588585 51.063054
905 77.116735 -22.883265 50.659754
843 74.737986 -25.262014 45.920017
925 35.881616 -35.881616 50.839996
83 34.330274 -34.330274 45.914679
404 58.538371 41.461629 54.082413
2422 58.055916 41.944084 56.244326
2398 59.685291 40.314709 56.894889
885 61.537942 38.462058 55.851437
2399 61.357880 38.642120 58.019173
3 67.537606 32.462394 52.588189
6 66.351345 33.648655 48.164559
1398 15.363532 -15.363532 61.486957
1397 17.681229 -17.681229 68.031221
1474 13.547731 -3.774416 3.774416
1439 12.400979 -6.591866 6.591866
90 11.226048 -3.271659 3.271659
417 92.817612 7.182388 22.033747
819 91.863128 8.136872 19.923731
517 12.251844 -12.251844 83.778417
2347 12.929248 -12.929248 84.981662
2340 11.747459 -11.747459 85.997212
1223 95.372811 -4.627189 77.137529
1202 94.342988 -5.657012 72.254296
2655 96.388264 -3.611736 74.382617
2670 96.685757 -3.314243 77.413643
514 98.713623 -1.286377 84.705537
2668 97.970695 -2.029305 84.029531
2667 98.066797 -1.933203 82.608806
2036 56.497937 23.091304 23.091304
2023 57.948823 25.812904 25.812904
428 42.098347 32.052653 67.947347
1236 41.935484 41.935484 58.064516
983 40.330267 30.167845 69.832155
2097 84.514264 15.485736 20.209172
2098 83.281660 16.718340 20.185845
228 86.394761 -13.605239 37.677240
533 92.039849 7.960151 29.184750
872 93.565757 6.434243 27.978132
644 91.978875 8.021125 25.830218
1445 90.739868 -9.260132 85.993457
1040 92.664596 -7.335404 85.561979
278 92.287051 -7.712949 89.593982
147 54.905617 -30.181824 30.181824
2299 55.172414 -44.827586 44.827586
2300 53.837098 -37.354655 37.354655
1176 21.029781 21.029781 38.758941
1430 14.024654 -7.027637 92.972363
940 14.589876 -6.217936 93.782064
1498 13.331656 -5.681822 94.318178
341 95.086971 4.913029 65.107839
1216 95.052289 4.947711 69.498441
1215 96.337640 3.662360 67.817604
1297 97.916667 2.083333 2.083333
960 69.673115 30.326885 65.923463
2400 69.484497 30.515503 62.308373
503 67.520464 32.479536 63.521895
1156 71.731690 28.268310 61.281397
2401 71.054887 28.945113 64.296810
726 96.661151 -3.338849 36.697568
2197 95.536733 -4.463267 35.812665
758 96.569384 -3.430616 32.622254
447 4.255319 0.000000 0.000000
2240 9.633906 -9.633906 83.578847
51 91.118159 8.881841 83.132367
817 89.783697 10.216303 80.810005
48 89.840625 10.159375 83.275913
1148 5.338092 5.338092 19.966498
544 5.659155 5.659155 15.432845
655 4.034929 4.034929 16.443553
152 88.043552 -11.956448 71.222490
151 90.190547 -9.809453 67.475995
65 90.309840 -9.690160 72.545838
710 94.553795 5.446205 11.713723
2099 95.104218 4.895782 9.602555
2148 94.095385 5.904615 10.633801
1079 96.331879 3.668121 10.549487
910 76.497468 12.682358 12.682358
2730 74.403856 10.077498 10.077498
911 75.000000 25.000000 25.000000
1219 93.297141 6.702859 63.158335
1328 92.315242 7.684758 65.925773
685 93.659936 6.340064 67.372240
1001 92.344351 7.655649 34.959503
1370 94.755685 5.244315 34.398551
1496 93.133064 6.866936 31.463520
2219 3.327385 3.327385 18.440523
2218 4.108026 4.108026 20.279048
508 44.324328 14.910132 85.089868
1078 45.682374 12.420889 87.579111
9 46.304223 25.998274 74.001726
226 16.159371 5.689430 5.689430
423 34.378336 22.826709 77.173291
2693 27.036003 15.291032 84.708968
2694 26.408226 17.144061 82.855939
821 65.626910 -34.373090 46.858838
1140 16.666667 16.666667 16.666667
1138 15.526262 10.659437 10.659437
470 17.583555 -17.583555 43.061592
169 15.352311 -15.352311 39.680751
1431 17.539513 -17.539513 38.048623
1097 41.477866 -41.477866 45.677015
2241 43.215875 -43.215875 47.588666
842 87.937213 12.062787 72.796122
2507 88.953428 11.046572 71.644585
2508 88.047271 11.952729 70.639827
1168 5.566290 -5.566290 36.360356
1124 24.954992 -24.954992 58.204726
7 24.359097 -24.359097 63.941012
791 87.345296 12.654704 85.679120
788 85.567675 14.432325 83.574706
832 86.000000 14.000000 86.000000
201 78.182177 -10.517780 89.482220
205 80.139913 -19.860087 76.639292
1904 80.000000 -20.000000 80.000000
1205 98.214286 0.000000 100.000000
2746 96.607143 -0.714286 99.285714
439 97.142857 -2.857143 97.142857
109 0.000000 0.000000 61.904762
379 1.936870 1.936870 57.423032
2214 0.000000 0.000000 57.142857
2509 65.841635 34.158365 54.453858
2510 67.558109 32.441891 55.713181
1207 94.040360 -3.866233 96.133767
1970 94.872352 -2.130111 97.869889
1966 93.663335 -1.797068 98.202932
1034 16.232397 -2.931247 97.068753
479 17.985976 -2.960655 97.039345
579 16.625818 -1.901035 98.098965
2784 25.115839 -14.053061 85.946939
315 98.657434 -1.342566 13.709514
312 97.430567 -2.569433 17.850383
311 97.228741 -2.771259 14.302003
168 15.278305 -15.278305 34.993047
166 13.348887 -13.348887 36.428521
660 13.143906 -13.143906 32.003400
13 6.986619 6.986619 38.432135
1149 9.383548 9.383548 40.606874
1083 87.622543 -12.377457 27.529087
396 89.086605 -10.913395 25.248501
1366 49.553655 42.211224 57.788776
1367 47.526599 38.692595 61.307405
1364 48.512420 33.024688 66.975312
47 95.607175 4.392825 77.742978
43 96.282474 3.717526 81.584994
1495 91.242059 -8.757941 42.065246
153 87.134635 -12.865365 66.856309
293 88.423559 -11.576441 61.899429
724 92.526272 -7.473728 36.212600
988 94.340334 -5.659666 34.442032
1298 54.536734 -31.570703 68.429297
395 55.714286 -44.285714 55.714286
694 56.464053 -24.845185 75.154815
2684 33.801268 15.702566 15.702566
1229 34.042553 0.000000 0.000000
87 32.208606 -32.208606 46.509131
1915 31.307383 -31.307383 43.176607
1905 32.735647 -32.735647 42.672678
108 88.570698 11.429302 49.180450
926 86.650192 13.349808 43.268396
927 85.073741 14.926259 48.367787
860 19.840981 8.573043 8.573043
861 21.276596 0.000000 0.000000
1159 69.103311 30.896689 58.302688
2511 68.840659 31.159341 55.308093
976 98.552797 1.447203 24.155125
1325 100.000000 0.000000 27.272727
450 100.000000 0.000000 22.727273
267 5.280262 -5.280262 66.123981
1450 90.000000 -10.000000 90.000000
1444 91.965737 -6.370456 93.629544
1442 90.056303 -6.430247 93.569753
104 17.018729 -17.018729 27.426361
2100 17.192337 -17.192337 25.355040
2101 18.151047 -18.151047 26.443254
596 13.068587 13.068587 79.814415
867 26.812095 26.812095 65.873620
865 30.645161 30.645161 69.354839
869 28.348184 28.348184 61.667320
238 92.284628 7.715372 82.869863
237 93.458891 6.541109 85.018897
2402 93.159347 6.840653 83.020580
229 88.393374 -11.606626 40.240403
12 88.454029 -11.545971 35.662821
532 91.132667 8.867333 31.909788
1446 90.388884 9.611116 28.742095
1422 88.892447 11.107553 31.775506
921 19.441881 -12.448355 87.551645
938 18.185950 -10.287077 89.712923
1967 23.004800 -1.779031 98.220969
212 20.673875 -2.890819 97.109181
2653 95.504463 -4.495537 58.770407
897 93.757443 -6.242557 61.835020
2657 95.633378 -4.366622 62.145993
282 53.044876 18.980808 81.019192
275 50.455597 6.687139 93.312861
846 77.262769 -22.737231 40.085679
841 73.792588 -26.207412 39.513956
776 7.259630 7.259630 77.816992
774 6.423884 6.423884 82.965162
251 80.000000 20.000000 80.000000
252 81.753775 12.721166 87.278834
2242 11.415597 -11.415597 82.252234
2262 10.485791 -10.485791 82.815456
1501 12.184741 -12.184741 79.587497
2249 12.677543 -12.677543 81.901291
515 100.000000 0.000000 81.818182
348 98.742607 -1.257393 80.555571
482 98.873950 1.126050 83.020835
512 100.000000 0.000000 86.363636
2395 48.121028 -16.524287 83.475713
2387 46.952652 -19.942026 80.057974
340 39.822542 -14.163856 14.163856
342 38.297872 0.000000 0.000000
2629 40.425532 0.000000 0.000000
2636 41.603255 -8.101331 8.101331
124 96.422839 -3.577161 80.309360
2349 15.901097 -15.149911 84.850089
561 16.642417 -14.846142 85.153858
2243 44.479746 -44.479746 47.472099
1116 34.580456 34.580456 39.788869
2630 32.931368 32.931368 35.790580
1112 32.523322 32.523322 39.319822
1105 33.333333 33.333333 33.333333
2631 33.841694 33.841694 36.407873
306 94.517653 -5.482347 21.858913
309 93.142864 -6.857136 24.931292
836 94.000000 6.000000 94.000000
365 92.000000 8.000000 92.000000
364 92.454995 4.711109 95.288891
1321 98.903359 1.096641 7.267135
2673 97.743207 2.256793 8.633513
1076 97.739951 2.260049 10.908713
699 72.461363 27.538637 38.042373
703 74.915341 25.084659 40.681976
839 75.231273 24.768727 36.981895
770 2.370050 -2.370050 71.045991
274 1.261994 -1.261994 65.940427
303 2.981205 -2.981205 65.727779
1051 94.642857 0.000000 100.000000
1350 21.875890 -9.909780 90.090220
513 100.000000 0.000000 90.909091
718 100.000000 0.000000 95.454545
715 99.067402 -0.932598 92.463716
511 99.037280 -0.962720 88.864329
49 91.286033 8.713967 85.821729
28 1.367394 1.367394 90.741294
1065 0.000000 0.000000 95.238095
1062 1.762396 1.762396 94.950153
683 17.983673 17.983673 39.445089
677 17.567700 17.567700 46.072073
978 1.115898 -1.115898 73.830430
489 26.560334 -26.560334 39.620552
352 29.001188 -29.001188 41.279545
359 27.489725 -27.489725 45.933416
1314 1.850258 1.850258 36.522164
1150 3.417315 3.417315 40.809578
1315 58.074049 35.298624 35.298624
1164 3.076655 3.076655 21.794002
128 2.320196 2.320196 17.497814
2220 3.097117 3.097117 16.188197
1294 91.708311 -8.291689 27.810971
1883 4.345744 -4.345744 38.616801
1884 4.178313 -4.178313 35.721351
803 80.074836 19.925164 29.906560
800 77.863594 22.136406 32.242323
1285 80.111956 19.888044 34.443180
2322 90.888790 -9.111210 21.487497
2327 91.335359 -8.664641 20.397357
2301 91.916817 -8.083183 19.113648
835 94.282702 3.631438 96.368562
1142 13.376917 13.376917 18.263602
478 13.333333 13.333333 13.333333
507 11.902257 11.902257 16.555156
38 26.098358 -18.109296 81.890704
2785 26.102296 -14.032331 85.967669
68 94.479119 -5.520881 66.816887
154 92.441404 -7.558596 65.935155
484 98.705238 1.294762 78.737811
563 14.995886 -12.403997 87.596003
1193 13.453182 -10.445236 89.554764
1199 13.188200 -11.598431 88.401569
483 98.870255 1.129745 88.077227
833 91.071429 0.000000 100.000000
871 92.857143 0.000000 100.000000
837 93.142648 1.811390 98.188610
1313 94.439438 -5.560562 25.686330
989 94.901623 -5.098377 29.838608
322 23.398547 -23.398547 52.539466
319 20.617506 -20.617506 50.709271
318 22.196714 -22.196714 46.099947
1144 10.463123 10.463123 14.533266
39 25.925926 -25.925926 74.074074
2244 25.409385 -25.409385 69.441913
2245 26.427411 -26.427411 67.472180
82 92.105293 7.894707 75.208147
86 92.991824 7.008176 74.295764
823 91.816913 8.183087 72.821266
1256 54.000000 46.000000 54.000000
1368 50.895817 35.162966 64.837034
1101 36.521377 18.027329 18.027329
1453 94.398898 5.601102 83.728415
239 95.397023 4.602977 88.721715
696 73.129580 26.870420 43.202848
701 73.832128 26.167872 47.913624
1347 19.992650 -10.482335 89.517665
1273 27.624689 27.624689 53.973035
545 86.639651 4.859715 95.140285
546 87.500000 0.000000 100.000000
367 88.855413 3.571133 96.428867
244 12.513416 -12.513416 52.619390
2350 13.678200 -13.678200 85.059905
192 70.212766 0.000000 0.000000
1082 68.085106 0.000000 0.000000
1420 25.697360 25.697360 55.499074
2436 45.480357 32.139627 32.139627
2035 46.536649 36.047227 36.047227
2482 46.585405 30.643750 30.643750
158 10.529987 10.529987 70.928739
1057 13.070767 13.070767 69.557905
1346 11.380431 11.380431 66.946918
2359 20.809442 -19.541774 80.458226
1037 3.252665 -3.252665 11.528882
1035 4.210280 -4.210280 15.447017
1028 2.699572 -2.699572 14.363893
1490 38.232099 -21.424131 78.575869
2353 37.269630 -28.193092 71.806908
723 94.168208 -5.831792 88.981869
719 95.593424 -4.406576 92.576158
281 94.150971 -5.849029 92.334859
1277 93.398055 -6.601945 8.759292
1009 94.827586 -5.172414 5.172414
1010 94.874165 -5.125835 7.570289
1400 83.280094 7.957806 92.042194
223 5.589874 5.589874 74.872305
225 4.982234 4.982234 79.861456
941 13.951284 -8.264950 91.735050
937 15.371140 -8.455062 91.544938
242 10.120099 -10.120099 55.772076
1341 6.843258 -6.843258 51.136608
2779 12.664895 -12.664895 23.178383
2103 13.106218 -13.106218 22.477911
2781 13.324982 -13.324982 23.798772
2104 30.292017 -30.292017 33.874314
686 30.000000 -30.000000 30.000000
628 14.942967 -14.942967 19.659113
787 86.890045 13.109955 80.823009
1102 86.182818 13.817182 19.946490
203 87.720884 12.279116 20.492152
189 88.176788 11.823212 17.679845
1493 10.654545 -10.654545 40.031451
472 13.093542 -13.093542 40.710653
581 85.845205 -14.154795 28.932012
2302 86.807139 -13.192861 26.106146
2303 87.946332 -12.053668 25.314081
440 83.288966 16.711034 60.533916
442 84.741922 15.258078 56.778300
437 81.986759 18.013241 55.943283
1373 54.166667 45.833333 45.833333
1412 54.024055 45.975945 50.024959
1410 56.115823 43.884177 48.007593
958 69.642857 0.000000 100.000000
324 22.162326 -22.162326 39.955598
317 19.829811 -19.829811 41.538602
899 76.068863 -23.931137 55.803468
901 78.631393 -21.368607 54.315863
808 95.682387 4.317613 22.876871
804 96.081161 3.918839 19.028851
1418 23.110016 23.110016 52.854367
1417 21.173930 21.173930 56.494347
1419 24.619443 24.619443 59.410025
2108 38.780456 -27.953569 27.953569
344 36.941962 -19.552287 19.552287
235 89.774333 10.225667 78.835533
944 89.173629 10.826371 76.350919
613 33.333333 -33.333333 66.666667
2354 32.138728 -26.314872 73.685128
1255 94.613443 5.386557 79.029434
1360 94.605163 5.394837 81.424939
2199 95.288666 4.711334 81.410979
1478 95.767835 4.232165 83.874662
1329 90.144660 -9.855340 15.252123
765 6.774934 -6.774934 76.427953
525 6.566467 -6.566467 80.957448
775 5.589079 -5.589079 78.141909
1436 7.470645 -2.152992 97.847008
807 9.056648 -1.926231 98.073769
2248 38.111636 -38.111636 58.389901
286 83.863372 -16.136628 59.116195
290 82.924633 -17.075367 64.311935
1287 82.323453 17.676547 37.061120
1301 79.913021 20.086979 38.665570
1053 28.571429 0.000000 100.000000
419 32.172857 8.345090 91.654910
1973 32.142857 0.000000 100.000000
1128 28.333333 28.333333 28.333333
2688 29.097002 17.985843 17.985843
1392 80.573192 -19.426808 39.809805
880 17.253664 -2.685669 2.685669
1401 15.640759 -5.041738 5.041738
1238 14.893617 0.000000 0.000000
714 100.000000 0.000000 40.909091
2674 98.544287 -1.455713 42.966512
2681 98.466736 -1.533264 40.078118
1038 97.289376 -2.710624 45.013883
2675 98.437782 -1.562218 45.951104
2028 89.541110 10.458890 18.106912
956 89.785323 10.214677 16.154845
1021 76.362033 23.637967 50.504873
702 76.393670 23.606330 45.016642
873 65.349811 14.730972 85.269028
878 64.000000 36.000000 64.000000
877 62.205494 13.619237 86.380763
2747 98.482143 -1.071429 98.928571
1050 10.762832 5.184494 5.184494
1117 10.638298 0.000000 0.000000
91 8.510638 0.000000 0.000000
939 18.506879 -8.492333 91.507667
578 18.665723 -6.533503 93.466497
1396 15.109480 -3.490430 96.509570
1171 5.066721 -5.066721 30.983847
1946 94.285714 -5.714286 94.285714
1916 92.857143 -7.142857 92.857143
1056 13.445280 13.445280 65.017459
1230 10.573473 -10.573473 16.622534
584 11.510040 -11.510040 33.864970
1309 87.500000 12.500000 12.500000
818 88.746489 11.253511 13.990738
670 95.984011 -4.015989 84.229770
2178 68.965517 -31.034483 31.034483
2574 70.201978 -29.798022 31.703877
2612 69.187168 -30.812832 32.619756
849 8.320823 -8.320823 29.803683
464 7.617348 -7.617348 26.911549
1184 9.384571 -9.384571 27.890743
382 5.034714 5.034714 58.275121
1362 8.291285 8.291285 60.068138
963 95.857247 -4.142753 15.037226
2200 95.120341 -4.879659 17.406455
2201 95.066611 -4.933389 15.654100
556 4.847799 -4.847799 80.720490
1157 4.539873 -4.539873 77.664322
2193 95.624183 -4.375817 25.522712
2194 96.048673 -3.951327 27.729814
2202 96.032741 -3.967259 29.973509
477 95.230553 4.769447 73.559599
1359 94.220280 5.779720 75.656107
457 1.591230 -1.591230 94.778148
1232 1.851852 -1.851852 98.148148
687 0.000000 0.000000 100.000000
240 90.653175 9.346825 76.701893
2512 91.467810 8.532190 76.073460
2513 90.661465 9.338535 74.904594
1226 92.074528 7.925472 78.709771
1033 1.047219 -1.047219 17.225424
1032 2.296224 -2.296224 17.577037
1265 1.683875 -1.683875 21.382169
406 100.000000 0.000000 31.818182
831 65.957447 0.000000 0.000000
829 63.829787 0.000000 0.000000
2114 65.628043 13.171568 13.171568
2203 95.415581 -4.584419 32.805084
2204 95.038300 -4.961700 19.404563
1269 82.623940 -17.376060 79.102764
1300 81.862520 -18.137480 75.047069
634 12.291858 12.291858 73.935965
167 14.966003 -14.966003 30.900268
1907 14.121738 -14.121738 28.327876
1908 15.150254 -15.150254 28.700298
656 19.262003 -4.224464 4.224464
748 47.823700 -32.261527 32.261527
2115 47.836235 -21.048313 21.048313
749 50.121040 -24.450650 24.450650
527 44.828080 -11.230973 11.230973
891 47.890657 -9.143427 9.143427
2116 46.208721 -18.051152 18.051152
587 96.972963 3.027037 25.412093
1508 95.305261 4.694739 26.698708
253 79.772683 20.227317 76.851652
601 81.785680 18.214320 79.201192
1173 2.520149 2.520149 6.211909
2221 3.233113 3.233113 9.244345
2229 3.282817 3.282817 6.849487
92 12.445985 4.815672 4.815672
95 12.407889 8.929118 8.929118
332 9.664872 -8.578529 91.421471
262 8.105488 -6.778168 93.221832
665 85.131807 14.868193 75.262960
137 87.243773 12.756227 75.558087
399 4.773441 -3.060231 96.939769
1485 5.972038 -2.503596 97.496404
1066 3.219012 -1.404053 98.595947
250 37.233267 -37.233267 54.984823
923 38.161199 -38.161199 50.238312
1063 97.401794 -2.598206 91.419039
2659 98.372664 -1.627336 90.742417
2660 98.286851 -1.713149 92.963422
2656 98.069993 -1.930007 88.001580
254 14.270303 5.134994 5.134994
93 12.765957 0.000000 0.000000
642 48.976403 38.103443 38.103443
2030 48.973990 28.161104 28.161104
2031 47.838586 34.428942 34.428942
1492 8.188551 -8.188551 32.937309
889 9.750887 -9.750887 31.705186
496 2.406341 -2.406341 47.910523
1361 2.977351 -2.977351 41.788783
1885 4.815242 -4.815242 46.606018
979 14.005774 -14.005774 83.035738
2250 13.529762 -13.529762 80.852570
573 7.940439 -7.940439 10.117873
633 8.000000 -8.000000 8.000000
569 9.420353 -9.420353 11.144486
574 93.732904 6.267096 71.563207
1358 8.622961 8.622961 10.737669
2438 8.295029 8.295029 13.447441
700 70.130462 29.869538 41.348275
1249 15.899609 15.899609 62.700218
1421 18.609271 18.609271 59.857161
995 85.205152 14.794848 78.301052
230 88.404967 -11.595033 45.888415
2288 6.559126 -6.559126 86.186127
2291 6.264618 -6.264618 87.093414
2251 39.497485 -39.497485 57.918893
1288 84.880629 15.119371 35.843580
964 93.218303 -6.781697 14.582386
2548 92.431541 -7.568459 15.070652
2117 90.114863 9.885137 14.222453
2118 89.049376 10.950624 15.578637
813 91.259219 8.740781 14.617396
380 2.707176 2.707176 63.699059
1910 43.858821 -37.033020 37.033020
2223 5.227335 5.227335 36.869737
523 92.497630 7.502370 85.627731
609 4.231152 -1.886422 1.886422
981 36.705905 13.400669 86.599331
1974 37.778890 9.542149 90.457851
1018 58.571429 -41.428571 58.571429
1019 57.142857 -42.857143 57.142857
883 59.532453 -40.467547 56.432760
1337 69.553412 -30.446588 65.660519
1095 66.411523 -33.588477 62.829520
1094 69.954156 -30.045844 60.303877
1135 70.192782 29.807218 53.782976
619 36.377938 -22.050010 77.949990
1303 77.360822 22.639178 40.166120
308 1.074233 1.074233 31.736906
466 0.000000 0.000000 33.333333
999 93.755049 6.244951 42.335542
948 95.810774 4.189226 47.342117
1002 97.224874 2.775126 42.196965
898 97.917463 -2.082537 50.369476
2407 80.026757 19.973243 69.953577
1304 80.020782 19.979218 43.678979
215 26.036202 -4.564083 95.435917
1975 27.383902 -1.811122 98.188878
2529 69.811486 30.188514 56.153431
2046 36.921207 36.921207 44.862278
2059 36.057302 36.057302 45.909117
2492 37.418187 37.418187 48.279551
474 3.839374 -3.839374 32.994597
850 71.279477 28.720523 34.107156
255 78.000000 22.000000 78.000000
202 77.984489 9.882691 90.117309
207 79.978647 11.769480 88.230520
2450 22.064063 22.064063 35.116301
2446 22.983071 22.983071 37.556061
859 20.893042 20.893042 26.275048
2441 19.918870 19.918870 29.670132
1198 44.642857 0.000000 100.000000
2389 44.278978 -8.247526 91.752474
2383 45.272440 -7.948311 92.051689
519 10.427146 -10.427146 76.837463
2634 36.633565 27.946568 27.946568
1092 67.488689 -32.511311 57.406955
301 64.295927 -35.704073 59.264812
1375 13.329941 -13.329941 25.834953
2822 12.488552 -12.488552 23.992936
2823 13.046549 -13.046549 24.303478
1166 29.386947 -29.386947 56.189534
975 13.359997 -1.415284 98.584716
176 13.127376 -2.122034 97.877966
1509 14.700112 -2.281635 97.718365
384 4.089553 4.089553 67.879397
339 2.078997 2.078997 69.334034
224 3.844791 3.844791 72.165423
94 8.907514 5.695507 5.695507
786 85.321900 14.678100 81.020103
618 34.257377 -10.149036 89.850964
310 96.928321 -3.071679 11.075136
1172 0.000000 0.000000 38.095238
1169 2.465166 -2.465166 35.938827
779 10.653817 10.653817 30.777570
1181 6.662758 -6.662758 29.573629
61 97.752422 -2.247578 71.240430
62 100.000000 0.000000 68.181818
1235 100.000000 0.000000 72.727273
2205 95.447940 4.552060 79.942096
320 19.622869 -19.622869 45.944820
1189 58.435896 -41.564104 54.127574
536 87.480412 12.519588 35.339600
510 8.303912 -8.303912 16.996882
2121 8.654416 -8.654416 16.086236
353 9.489345 -9.489345 18.365702
174 7.242337 -7.242337 15.878510
2128 7.376752 -7.376752 14.829447
2122 7.841088 -7.841088 15.514121
81 33.366971 -33.366971 51.784141
2404 72.406290 27.593710 64.557113
854 96.140494 -3.859506 6.763135
1336 98.275862 -1.724138 1.724138
1257 52.000000 48.000000 52.000000
222 3.471162 3.471162 76.953643
24 1.599812 1.599812 78.918390
23 2.977801 2.977801 81.739196
441 91.016341 8.983659 80.388961
2405 90.350562 9.649438 78.202467
704 16.596269 -9.968322 90.031678
2750 97.155881 -1.274552 1.274552
1006 95.744681 0.000000 0.000000
2760 98.326021 -0.749672 0.749672
1380 0.000000 0.000000 42.857143
1345 8.731169 8.731169 66.752625
1486 4.931028 -1.008637 98.991363
624 5.357143 0.000000 100.000000
1976 3.571429 0.000000 100.000000
977 3.681759 -3.681759 75.026300
757 91.063363 8.936637 73.915707
1476 93.042806 6.957194 77.142035
2535 92.554759 7.445241 77.869833
2528 92.852665 7.147335 78.626879
641 49.989404 17.341720 17.341720
2106 51.469188 7.549226 7.549226
2107 49.797550 9.191172 9.191172
888 48.132681 6.747898 6.747898
2635 48.332650 14.317017 14.317017
1165 27.412061 -27.412061 52.226700
1127 6.432583 -6.432583 33.506993
1435 8.233616 -3.431838 96.568162
1279 59.684113 40.315887 49.442935
623 31.458761 -31.458761 60.611281
580 31.379851 -31.379851 54.493718
708 15.164225 -9.676072 90.323928
1390 18.518519 -18.518519 81.481481
2351 19.469201 -18.053771 81.946229
2352 18.104643 -16.713618 83.286382
2357 17.312587 -16.507500 83.492500
170 11.132270 -11.132270 30.178466
996 100.000000 0.000000 36.363636
540 84.912911 8.618623 91.381377
22 4.171054 4.171054 84.821439
30 5.202426 5.202426 87.941898
2252 18.888520 -18.888520 76.939798
1047 45.161290 45.161290 54.838710
1071 14.599028 -14.599028 74.888039
1069 13.230278 -13.230278 71.365135
1072 15.835206 -15.835206 71.930463
1467 96.313428 -3.686572 21.755724
2206 95.271310 -4.728690 23.178554
1477 97.220029 2.779971 86.030400
323 24.620006 -24.620006 43.051122
321 25.125934 -25.125934 48.960751
643 52.174056 12.135727 12.135727
2125 52.598796 6.626738 6.626738
721 99.223534 -0.776466 31.325497
1384 76.595745 0.000000 0.000000
2751 79.751845 -8.891261 8.891261
2752 77.928385 -7.498283 7.498283
2077 78.408325 21.591675 28.589652
2067 77.793743 22.206257 29.671750
625 12.681355 -12.681355 14.509238
1224 13.044315 -13.044315 16.942341
1913 70.000000 -30.000000 70.000000
1929 68.571429 -31.428571 68.571429
2836 71.210938 -24.198176 75.801824
1914 71.428571 -28.571429 71.428571
2837 72.057866 -24.019639 75.980361
2406 54.898634 20.059285 79.940715
371 88.828757 11.171243 87.516181
362 90.000000 10.000000 90.000000
543 84.977832 12.222533 87.777467
2253 22.601326 -22.601326 73.418002
1218 95.334696 4.665304 59.254079
1220 98.059707 1.940293 58.723354
598 97.608179 2.391821 52.649422
8 63.473357 36.526643 47.192100
1408 65.027230 34.972770 43.767312
1323 99.170922 -0.829078 22.661915
118 96.185087 3.814913 16.062524
2676 96.896342 3.103658 16.845617
2677 96.819498 3.180502 15.010660
245 9.281434 -9.281434 61.622156
155 91.279063 -8.720937 62.510417
2797 90.614326 -9.385674 58.488504
2798 92.247100 -7.752900 59.428401
1059 13.926431 13.926431 76.567343
400 42.553191 0.000000 0.000000
248 17.072077 -17.072077 57.428552
241 14.682865 -14.682865 56.077444
5 64.107210 35.892790 55.612708
2524 63.605210 36.394790 52.880096
2516 62.385358 37.614642 53.446883
2515 60.522500 39.477500 52.445280
2519 58.835284 41.164716 51.403116
460 91.156740 8.843260 67.195226
826 90.206637 9.793363 69.190964
886 91.485194 8.514806 70.242183
456 4.145918 -4.145918 87.144599
25 0.000000 0.000000 85.714286
26 0.000000 0.000000 90.476190
19 1.001988 1.001988 87.362403
876 16.887717 -8.577277 91.422723
354 31.033854 -31.033854 38.799519
197 98.086558 1.913442 70.642334
350 97.134233 2.865767 70.061648
473 97.334745 2.665255 73.156944
780 56.034461 31.332154 31.332154
420 93.977422 6.022578 24.341197
80 45.805177 -30.301305 69.698695
2254 45.256472 -39.955783 60.044217
2233 47.143850 -36.144280 63.855720
2442 11.631326 11.631326 19.236332
1099 9.555536 9.555536 19.758036
2443 10.706584 10.706584 17.409245
874 84.738696 15.261304 21.945331
1502 86.162345 13.837655 22.684531
946 100.000000 0.000000 45.454545
425 3.689318 -3.689318 17.764231
432 4.821798 -4.821798 17.949066
1462 87.142857 -12.857143 87.142857
590 40.740741 -40.740741 59.259259
2273 41.103112 -41.103112 56.383783
2270 41.756567 -41.756567 56.300754
1469 39.317209 -39.317209 54.495443
2255 40.428948 -40.428948 56.338750
1133 20.245860 -8.029049 91.970951
209 20.534050 -5.582071 94.417929
1307 86.015294 -13.984706 17.728964
680 84.525743 -15.474257 17.454614
206 80.357143 0.000000 100.000000
1123 21.857587 -21.857587 57.348244
553 2.049604 -2.049604 79.931746
552 1.131533 -1.131533 82.442546
557 1.096112 -1.096112 78.268958
539 85.714286 0.000000 100.000000
616 85.277205 -4.660829 95.339171
1470 42.603872 12.010357 87.989643
15 44.174029 24.121140 75.878860
21 2.325095 2.325095 86.370687
904 80.702601 -19.297399 50.266700
783 57.446809 0.000000 0.000000
1437 55.319149 0.000000 0.000000
2126 56.083572 7.149076 7.149076
620 9.969071 -9.969071 35.555941
1262 11.715217 -11.715217 37.318307
2637 21.666667 21.666667 21.666667
858 20.000000 20.000000 20.000000
582 35.232011 -35.232011 57.079117
389 87.206842 -12.793158 30.828066
2678 100.000000 0.000000 50.000000
2517 93.808598 6.191402 78.586445
67 97.485986 -2.514014 61.529184
2802 95.137443 -4.862557 64.193243
2803 95.535723 -4.464277 65.766205
1013 62.000000 38.000000 62.000000
568 9.263461 -9.263461 12.835349
567 10.435753 -10.435753 14.930682
1008 96.551724 -3.448276 3.448276
73 88.660524 -11.339476 16.895003
164 87.698958 -12.301042 15.950541
974 14.240947 14.240947 83.509595
2038 12.930066 12.930066 82.086107
2039 12.116607 12.116607 83.776443
2662 96.023100 -3.976900 68.818223
2663 96.126694 -3.873306 71.673892
1183 6.971617 -6.971617 24.161699
191 5.612479 -5.612479 14.416955
2127 6.795562 -6.795562 14.145623
1143 16.677605 16.677605 22.369761
840 16.590529 16.590529 29.426643
2453 16.261860 16.261860 26.202832
1259 96.265733 3.734267 71.570156
231 88.372211 -11.627789 50.868678
602 83.333333 16.666667 16.666667
1344 85.416667 14.583333 14.583333
1343 84.325661 7.811407 7.811407
360 88.402492 7.743256 92.256744
363 88.000000 12.000000 88.000000
606 82.182171 8.442737 8.442737
1383 80.851064 0.000000 0.000000
1357 40.322581 40.322581 59.677419
1296 38.561203 38.561203 53.228454
870 95.815866 1.634690 98.365310
1085 87.992993 -12.007007 19.429880
2550 87.503931 -12.496069 21.457552
691 57.142857 0.000000 100.000000
690 55.063521 -14.598389 85.401611
2257 8.734168 -8.734168 84.483931
799 77.690845 22.309155 35.971659
812 90.819646 9.180354 11.765085
2129 91.922758 8.077242 12.307121
2157 92.748155 7.251845 11.433790
2156 93.389457 6.610543 10.629598
99 19.026668 -19.026668 28.434821
2131 18.952923 -18.952923 26.495450
84 12.239123 -12.239123 28.216433
658 4.074591 4.074591 12.407661
2222 3.120927 3.120927 11.737540
126 2.534710 2.534710 13.555012
2225 3.406705 3.406705 13.829570
1026 13.710804 -9.332715 90.667285
1217 97.646490 2.353510 67.121204
1379 16.740601 -4.022481 95.977519
390 58.620690 -41.379310 41.379310
1312 59.342494 -40.657506 44.423126
391 57.652802 -42.347198 45.334295
949 22.580645 22.580645 77.419355
952 20.548148 20.548148 75.073294
551 19.175414 19.175414 78.655605
349 97.280750 -2.719250 83.401127
1480 12.087889 -8.735244 91.264756
1429 12.530671 -7.900013 92.099987
376 10.923121 -7.229922 92.770078
156 88.922894 -11.077106 75.410328
1356 86.608906 -13.391094 74.922739
1074 0.000000 0.000000 9.523810
1457 1.234101 1.234101 13.900408
125 1.474754 1.474754 10.631370
1197 20.689712 -13.876124 13.876124
855 23.032450 -11.261807 11.261807
857 22.000000 -22.000000 22.000000
520 14.477388 -14.477388 78.762338
604 12.607538 -12.607538 75.578205
1152 11.289767 11.289767 36.204038
746 13.008091 13.008091 32.125841
2188 55.239349 -16.111286 16.111286
2580 55.571076 -23.161020 23.161020
2620 55.092399 -22.729711 22.729711
564 16.666667 -16.666667 83.333333
2246 16.549422 -16.549422 80.159065
2463 5.314833 5.314833 6.993000
2444 6.522486 6.522486 9.366586
2445 7.446817 7.446817 11.349693
1917 91.428571 -8.571429 91.428571
159 50.000000 -50.000000 50.000000
2259 48.148148 -48.148148 51.851852
2745 48.385837 -48.385837 50.131932
163 48.445418 -41.480347 58.519653
78 46.296296 -46.296296 53.703704
111 90.222495 9.777505 43.498320
1466 97.673534 -2.326466 21.346784
1030 0.000000 0.000000 14.285714
856 24.000000 -24.000000 24.000000
2134 23.759008 -23.759008 27.511142
2135 22.326249 -22.326249 26.334204
1137 26.000000 -26.000000 26.000000
313 95.961926 -4.038074 18.375302
1911 16.215897 -16.215897 29.938443
1918 17.258604 -17.258604 30.107749
1919 18.203560 -18.203560 30.767859
550 3.775839 -3.775839 83.658552
188 23.404255 0.000000 0.000000
1196 21.143206 -6.453671 6.453671
2136 88.423418 11.576582 15.845306
722 89.737890 10.262110 71.119669
2531 89.655696 10.344304 72.380881
2520 90.222559 9.777441 72.822251
361 90.431074 6.121332 93.878668
368 90.873546 2.702494 97.297506
296 91.561913 3.585369 3.585369
793 24.185004 -24.185004 37.736468
421 31.705806 18.510579 81.489421
1119 18.622062 -18.622062 62.748452
1120 21.392953 -21.392953 63.106696
1121 20.685129 -20.685129 67.509207
2828 78.875317 -21.124683 70.545134
743 80.230118 -19.769882 73.018393
947 90.807659 9.192341 18.442433
816 92.475197 7.524803 16.639914
1463 89.359976 -10.640024 82.480232
516 97.072986 -2.927014 86.875504
2664 97.821609 -2.178391 85.402656
1214 87.164301 -12.835699 33.988284
1506 85.157254 -14.842746 33.656957
1039 11.666667 11.666667 11.666667
1879 5.915621 5.915621 90.702951
1880 7.053526 7.053526 88.009211
2083 5.879582 5.879582 89.071355
449 1.666667 1.666667 1.666667
130 1.249445 1.249445 6.526506
1352 24.132402 -19.583152 80.416848
2786 22.751940 -16.625395 83.374605
499 62.686653 37.313347 60.117836
2408 63.449042 36.550958 58.250432
2409 62.257879 37.742121 58.059720
810 92.475066 7.524934 68.979847
1977 33.433626 5.209107 94.790893
426 34.620801 11.869238 88.130762
1978 34.303042 5.831209 94.168791
234 83.622100 -16.377900 48.140698
805 97.242871 2.757129 21.150876
465 97.302529 -2.697471 56.335237
2665 95.509871 -4.490129 55.897344
2212 95.894924 -4.105076 53.604072
2552 93.131273 -6.868727 13.246296
2553 92.760870 -7.239130 14.185481
1415 96.327704 3.672296 32.329914
337 96.840125 3.159875 63.546334
970 10.517514 -0.818343 99.181657
2522 57.592077 42.407923 51.521798
638 9.522413 -7.087485 7.087485
652 11.313780 -8.634749 8.634749
635 10.000000 -10.000000 10.000000
662 83.580596 16.419404 72.330599
2410 81.780482 18.219518 72.306384
2411 82.902024 17.097976 73.797503
2413 80.815809 19.184191 71.151481
105 16.159317 -16.159317 23.151653
387 56.896552 -43.103448 43.103448
2025 45.073487 38.964057 38.964057
2467 45.981046 41.507742 41.507742
2483 46.628427 40.860761 40.860761
2412 83.767000 16.233000 74.305768
461 88.487414 11.512586 61.823897
1458 5.078681 -5.078681 90.088648
2215 5.074581 -5.074581 87.102075
1276 91.871119 -8.128881 10.059660
1305 87.931034 -12.068966 12.068966
172 89.655172 -10.344828 10.344828
4 62.153930 37.846070 50.444896
2 64.792829 35.207171 51.327461
2525 64.586721 35.413279 53.568531
333 15.258349 15.258349 56.745704
705 74.165104 25.834896 51.835044
1136 72.966783 27.033217 55.135819
1023 75.766712 24.233288 54.912762
766 83.128892 -16.871108 22.130137
760 81.324387 -18.675613 21.351609
672 82.882794 -17.117206 19.468451
338 38.000000 -38.000000 38.000000
345 35.657826 -35.657826 38.852951
2138 36.000000 -36.000000 36.000000
585 34.000000 -34.000000 34.000000
2139 34.499701 -34.499701 36.727438
221 1.832460 1.832460 74.165090
907 78.755920 -21.244080 45.176683
1483 96.000000 4.000000 96.000000
190 21.922372 11.866504 11.866504
537 89.997408 10.002592 35.333351
931 88.696926 11.303074 39.166431
305 61.428571 -38.571429 61.428571
1497 65.304937 -22.140869 77.859131
879 63.446650 -21.408974 78.591026
1190 95.844285 4.155715 92.676370
1206 98.000000 2.000000 98.000000
2448 27.203933 27.203933 40.152165
2447 28.133828 28.133828 39.829284
735 72.560424 -27.439576 63.013310
734 75.050697 -24.949303 65.673290
725 72.233496 -27.766504 67.762636
2738 28.429206 -12.135734 12.135734
2739 27.287636 -15.476178 15.476178
500 65.120132 34.879868 61.323546
875 66.000000 34.000000 66.000000
732 75.670914 -15.068746 84.931254
1920 75.714286 -24.285714 75.714286
731 74.807871 -25.192129 70.800127
2838 75.336215 -24.663785 73.554100
2839 74.321736 -25.678264 72.874271
932 86.393404 13.606596 38.709637
769 44.000000 -44.000000 44.000000
1922 45.114970 -38.530697 38.530697
487 89.764095 -10.235905 54.427013
2799 88.634567 -11.365433 57.786105
498 66.467335 33.532665 57.913079
187 25.000000 25.000000 25.000000
385 54.984538 -45.015462 47.925366
2306 56.016977 -43.983023 46.124185
388 56.311839 -43.688161 48.899234
2307 56.719542 -43.280458 45.865291
922 40.301738 -40.301738 49.961057
920 39.267389 -39.267389 46.109649
630 12.534736 -12.534736 20.722849
745 74.000000 26.000000 74.000000
733 74.023747 11.754726 88.245274
1067 81.776474 6.013024 93.986976
1043 86.305259 13.694741 53.092644
1179 83.543606 16.456394 52.401145
811 88.637308 11.362692 85.646294
458 1.267153 -1.267153 86.600425
548 2.376331 -2.376331 83.187481
502 94.079311 5.920689 88.399627
1107 87.970038 -12.029962 78.901611
1041 89.985980 -10.014020 78.896797
2140 33.265713 -33.265713 35.611673
1409 68.091171 31.908829 44.745098
847 78.759941 -21.240059 31.744641
2298 79.912398 -20.087602 29.315272
335 5.879522 -5.879522 17.555981
2764 5.405167 -5.405167 17.926348
1886 5.185849 -5.185849 16.659073
509 43.827686 33.813078 66.186922
14 45.628004 35.760095 64.239905
1154 32.979976 -19.881124 80.118876
559 20.431745 -17.536187 82.463813
1100 6.346793 6.346793 11.847074
2461 4.987937 4.987937 9.491139
2449 5.022630 5.022630 11.557416
1192 61.702128 0.000000 0.000000
1221 59.574468 0.000000 0.000000
2141 60.160875 7.370386 7.370386
1122 18.742562 -18.742562 54.008459
2549 88.658494 -11.341506 20.584433
1425 63.539248 36.460752 39.824204
2260 14.303361 -14.303361 80.975984
565 16.844729 -16.844729 76.804053
657 7.104047 7.104047 19.743958
1134 6.359327 6.359327 23.148920
790 88.465982 11.534018 83.282019
1118 19.537448 -19.537448 58.928081
1377 62.792092 25.213983 25.213983
2019 64.583333 35.416667 35.416667
1427 66.666667 33.333333 33.333333
1348 20.306567 -14.610816 85.389184
759 79.557032 -20.442968 25.876950
2556 80.183646 -19.816354 23.036225
2555 81.406161 -18.593839 23.819669
2109 40.487627 -25.628807 25.628807
1272 32.900766 32.900766 58.124033
1170 1.915377 -1.915377 31.021689
1029 1.255994 -1.255994 13.834582
398 8.019163 8.019163 24.093695
140 90.755426 9.244574 71.685340
640 89.518612 10.481388 23.021083
530 89.955810 10.044190 25.633198
928 91.106788 8.893212 22.898406
2026 43.333333 43.333333 43.333333
2470 43.031515 36.695333 36.695333
2042 41.666667 41.666667 41.666667
2468 43.607386 43.607386 45.898997
2469 42.431116 42.431116 44.421665
688 19.194219 -9.359630 9.359630
2142 91.029121 8.970879 13.228014
186 23.333333 23.333333 23.333333
64 98.048915 -1.951085 76.575915
131 100.000000 0.000000 77.272727
744 76.000000 24.000000 76.000000
1333 42.857143 0.000000 100.000000
1015 59.184065 -15.759161 84.240839
2143 5.074943 -5.074943 10.655734
2414 91.135330 8.864670 78.735026
261 6.409489 -6.409489 90.778438
2343 6.600278 -6.600278 92.194749
2378 6.036677 -6.036677 92.404381
334 4.826514 -4.826514 93.283555
2363 5.581383 -5.581383 92.199893
1941 40.883044 -40.883044 42.764842
2415 94.333531 5.666469 86.467163
2364 26.592515 -23.217277 76.782723
2207 95.461850 -4.538150 21.069092
366 5.555556 -5.555556 94.444444
1188 3.401364 -3.401364 20.891921
20 3.114884 3.114884 90.050236
1000 93.609637 6.390363 37.802527
998 91.437644 8.562356 38.849279
1926 7.941395 -7.941395 17.654463
1944 7.322435 -7.322435 17.257820
1909 13.192805 -13.192805 27.762482
171 13.532715 -13.532715 29.442092
1416 94.960072 5.039928 30.350397
331 6.000000 -6.000000 6.000000
1108 35.483871 35.483871 64.516129
2416 53.966064 12.172013 87.827987
27 0.000000 0.000000 80.952381
893 61.451005 -38.548995 43.393072
393 60.344828 -39.655172 39.655172
430 42.356062 22.234902 77.765098
1924 20.779946 -20.779946 32.924524
597 94.052077 5.947923 53.226402
415 23.296397 -23.296397 68.165180
985 22.511435 -22.511435 70.954554
454 3.244091 -3.244091 93.885481
1395 82.234962 -17.765038 34.892601
2753 81.470434 -9.642389 9.642389
2754 81.635543 -6.562063 6.562063
2755 82.650054 -7.650683 7.650683
258 6.689556 -4.934356 95.065644
1253 82.302260 -17.697740 71.531211
1438 84.016368 -15.983632 74.943684
462 86.008413 13.991587 61.160703
1191 59.959946 -40.040054 48.441549
825 62.674648 -37.325352 47.463749
1326 98.049737 -1.950263 24.961403
386 88.608618 -11.391382 32.116335
1075 80.329587 -19.670413 66.949723
736 77.346273 -22.653727 68.075757
1979 79.919945 -7.049115 92.950885
830 18.768400 -14.181637 14.181637
554 20.000000 -20.000000 20.000000
882 60.000000 -40.000000 60.000000
1125 90.619047 -9.380953 75.972491
1468 14.359025 -7.741232 7.741232
1451 11.485744 -11.485744 23.895818
1939 10.679007 -10.679007 24.377393
1925 10.160788 -10.160788 22.949060
741 54.376999 37.778365 37.778365
374 10.848664 -5.434685 94.565315
2440 20.968266 20.968266 32.326420
2666 97.626310 -2.373690 80.352262
789 87.038034 12.961966 83.337542
637 7.731060 -5.391850 5.391850
1045 89.785113 10.214887 58.083045
600 92.398673 7.601327 58.366865
599 90.935680 9.064320 53.556110
329 0.000000 0.000000 0.000000
122 2.127660 0.000000 0.000000
2487 34.230596 34.230596 49.821541
2145 58.160539 -19.315943 19.315943
2133 57.239847 -21.846865 21.846865
2583 57.539270 -12.881896 12.881896
1424 89.670724 -10.329276 17.978362
2557 89.715747 -10.284253 19.726802
1086 89.282032 -10.717968 21.556960
2558 90.256262 -9.743738 18.741945
100 18.564577 -18.564577 24.504600
2130 20.069401 -20.069401 26.599125
1162 74.786714 25.213286 58.828359
1399 17.555394 -6.847812 6.847812
915 17.746600 -10.574074 10.574074
610 86.936687 7.175703 7.175703
576 9.279312 -9.279312 15.109758
794 22.268529 -22.268529 35.186418
2690 0.729028 0.729028 3.238769
827 68.151247 -31.848753 41.788465
824 6.006702 6.006702 69.788067
822 64.315150 -35.684850 42.443803
257 3.703704 -3.703704 96.296296
2366 4.213247 -4.213247 93.388495
1877 93.727217 -6.272783 16.199288
2337 94.209545 -5.790455 15.890593
2311 93.822109 -6.177891 17.190364
2310 92.980161 -7.019839 16.800716
2332 92.505338 -7.494662 17.842122
2478 36.822142 36.822142 42.288898
2476 37.390652 37.390652 41.168040
446 3.333333 3.333333 3.333333
2691 1.781915 1.250000 1.250000
2826 34.843017 34.843017 59.819715
1338 7.127042 -7.127042 19.064434
2821 7.262774 -7.262774 18.387230
2815 7.733569 -7.733569 19.096262
838 73.294858 26.705142 33.698382
433 40.840243 10.795967 89.204033
586 41.071429 0.000000 100.000000
2526 71.109193 28.890807 57.219966
894 60.851853 -39.148147 52.274944
1365 7.974723 7.974723 72.648249
942 17.037834 -5.475328 94.524672
2312 78.629036 -21.370964 28.923739
675 17.859836 17.859836 52.972149
121 100.000000 0.000000 9.090909
120 100.000000 0.000000 13.636364
1247 18.333333 18.333333 18.333333
1388 7.570883 -7.570883 88.532773
2289 7.289083 -7.289083 87.237037
2258 7.921549 -7.921549 86.359258
77 42.592593 -42.592593 57.407407
2263 44.444444 -44.444444 55.555556
392 58.025693 -41.974307 48.335357
784 8.928571 0.000000 100.000000
116 98.842716 1.157284 11.882637
706 97.600967 2.399033 14.398833
1928 67.142857 -32.857143 67.142857
728 69.833443 -22.233721 77.766279
913 82.734520 17.265480 22.331243
531 88.333656 11.666344 28.119108
1432 88.408043 11.591957 25.188278
729 98.575243 1.424757 63.253924
1126 100.000000 0.000000 63.636364
346 36.170213 0.000000 0.000000
485 0.000000 0.000000 76.190476
1073 0.000000 0.000000 4.761905
1031 1.492951 -1.492951 10.031612
1158 2.279638 -2.279638 76.266168
448 76.139947 23.860053 62.009929
1161 74.195070 25.804930 64.050871
755 90.672651 -4.093272 4.093272
754 93.103448 -6.896552 6.896552
756 91.379310 -8.620690 8.620690
182 25.531915 0.000000 0.000000
184 25.481975 12.262600 12.262600
595 1.749475 -1.749475 6.176602
1484 16.979867 -13.279992 13.279992
1402 16.235121 -9.201298 9.201298
844 71.187393 -28.812607 49.558553
980 71.246852 -28.753148 43.969700
495 1.904417 1.904417 46.685662
2227 4.129853 4.129853 45.311812
648 10.758810 -6.014011 6.014011
2710 19.153169 10.603786 89.396214
2705 19.512361 9.061416 90.938584
2047 51.741054 19.941032 19.941032
2062 50.478674 23.661866 23.661866
1327 90.987328 9.012672 62.923216
1983 67.580662 -8.843815 91.156185
2049 94.845286 5.154714 13.022441
707 95.347011 4.652989 13.983360
1139 15.000000 15.000000 15.000000
521 15.110662 15.110662 19.380642
992 97.071828 -2.928172 40.392333
327 3.751233 -3.751233 8.737212
297 91.489362 0.000000 0.000000
298 89.361702 0.000000 0.000000
806 89.237289 10.762711 20.456636
402 90.506695 9.493305 20.948458
2419 67.823518 32.176482 60.523986
277 53.571429 0.000000 100.000000
2417 52.759491 9.459990 90.540010
2029 90.570584 9.429416 16.723827
369 89.285714 0.000000 100.000000
1163 25.638550 -25.638550 53.913856
535 87.897044 12.102956 23.001526
1874 7.202823 -7.202823 85.988389
146 52.635855 -27.903850 27.903850
2314 51.048941 -33.291410 33.291410
141 50.704021 -42.059365 42.059365
2333 52.172084 -37.422928 37.422928
1044 88.583056 11.416944 54.290072
2146 10.116209 -10.116209 17.443988
2152 10.584291 -10.584291 19.060119
101 19.547950 -19.547950 22.071106
102 21.108822 -21.108822 24.589668
764 81.034483 -18.965517 18.965517
2722 67.028897 19.497570 80.502430
476 88.950081 -7.331651 7.331651
1369 12.232237 12.232237 26.966360
661 10.081513 10.081513 25.559481
381 5.810100 5.810100 64.410401
1423 22.575072 22.575072 64.071420
571 8.178342 -8.178342 12.428319
336 7.628021 -7.628021 13.779532
193 11.658746 -9.626254 90.373746
2787 19.775991 -15.586706 84.413294
265 10.250808 -7.877326 92.122674
165 83.700821 16.299179 81.411473
2147 9.384820 -9.384820 16.751421
2801 87.573130 -12.426870 58.710193
2800 86.436666 -13.563334 59.749852
549 3.364406 -3.364406 79.493580
2054 11.056429 11.056429 84.590327
773 8.484954 8.484954 84.880946
2052 8.268314 8.268314 87.442938
397 42.221086 -17.911000 17.911000
2638 42.993925 -8.431800 8.431800
1311 6.920990 -6.920990 45.656635
263 9.064730 -6.315836 93.684164
110 92.224462 7.775538 48.189823
887 46.948073 23.776618 23.776618
2639 46.795540 14.527678 14.527678
2651 45.369779 18.597438 18.597438
1381 14.884676 -1.150083 98.849917
785 92.500380 7.499620 71.580453
401 40.367014 26.468174 26.468174
622 33.203642 -33.203642 57.815900
2261 36.695932 -36.695932 58.866170
669 48.387097 48.387097 51.612903
1049 46.774194 46.774194 53.225806
2164 21.253578 -21.253578 26.618641
1320 87.336383 -12.663617 82.764979
1447 85.080917 -14.919083 82.971762
2308 49.611704 -34.620255 34.620255
501 13.830629 9.645426 9.645426
2367 24.470784 -22.646396 77.353604
2376 25.020777 -22.505948 77.494052
2341 23.200740 -21.142878 78.857122
1503 8.611270 -8.611270 21.142199
2769 9.764171 -9.764171 21.183669
1114 38.709677 38.709677 61.290323
1931 81.428571 -18.571429 81.428571
1932 82.857143 -17.142857 82.857143
2266 23.831969 -23.831969 73.159725
2695 24.173767 15.339137 84.660863
593 39.285714 0.000000 100.000000
2680 96.982343 3.017657 18.719635
848 79.371551 -20.628449 35.404335
845 76.345377 -23.654623 34.689278
2788 20.784775 -16.315722 83.684278
2789 21.360932 -15.758047 84.241953
2149 41.614053 -28.115611 28.115611
1302 81.970267 18.029733 40.672364
930 83.335219 16.664781 44.025970
200 76.785714 0.000000 100.000000
1985 75.000000 0.000000 100.000000
2586 63.004725 -28.357430 28.357430
895 62.068966 -37.931034 37.931034
2591 62.312799 -26.847288 26.847288
753 93.617021 0.000000 0.000000
1005 93.713022 2.010369 2.010369
986 98.014008 -1.985992 29.967800
1316 96.914195 -3.085805 28.367003
987 98.250830 -1.749170 36.044537
2396 75.351523 24.648477 67.700007
2368 30.440223 -26.482946 73.517054
2391 31.207575 -26.260086 73.739914
2369 41.997900 -7.836244 92.163756
2356 43.236305 -8.769935 91.230065
1060 9.730976 9.730976 75.730769
55 86.490350 -13.509650 15.104199
2210 95.015141 4.984859 82.609749
2830 82.754269 -17.245731 68.120738
411 1.896463 1.896463 20.697833
1355 85.606092 -14.393908 78.934590
1299 72.340426 0.000000 0.000000
2421 58.107553 31.988004 68.011996
2370 16.630692 -15.792555 84.207445
1046 7.693006 7.693006 16.063757
2271 46.145726 -46.145726 49.691902
2280 47.395201 -47.395201 50.675878
1374 60.416667 39.583333 39.583333
1187 7.000795 -7.000795 21.413221
490 25.701680 -25.701680 34.300685
792 23.834276 -23.834276 31.123211
2119 25.941462 -25.941462 29.997117
2153 27.229131 -27.229131 31.900938
778 10.714286 0.000000 100.000000
973 12.077088 -0.738797 99.261203
2154 61.807025 -20.703982 20.703982
2155 60.845497 -18.301152 18.301152
2593 61.445672 -11.862671 11.862671
2597 60.750987 -8.336119 8.336119
2598 60.187173 -11.516772 11.516772
2003 14.516129 14.516129 85.483871
2711 12.390151 8.315080 91.684920
2718 12.788853 7.681141 92.318859
2696 11.028263 6.474906 93.525094
2714 9.943023 6.340806 93.659194
2720 7.046857 4.407389 95.592611
2697 5.946538 3.080668 96.919332
2728 69.746990 14.422784 85.577216
730 71.428571 0.000000 100.000000
2726 70.481017 12.161194 87.838806
1990 55.357143 0.000000 100.000000
2011 56.667753 8.336572 91.663428
289 85.525542 -14.474458 63.618057
2832 85.530119 -14.469881 66.798155
2831 84.365811 -15.634189 66.594523
1252 85.094490 -14.905510 70.123731
961 93.006116 6.993884 12.941172
2698 24.315041 11.347231 88.652769
2102 12.107438 -12.107438 21.745154
2158 11.591615 -11.591615 20.391782
2159 11.098362 -11.098362 19.788561
1098 10.831530 -10.831530 20.947949
2454 9.980679 9.980679 16.963434
2452 9.197475 9.197475 16.153187
1991 62.500000 0.000000 100.000000
1241 9.119384 -9.119384 86.299495
1471 10.735446 -10.735446 84.502366
1248 18.628705 18.628705 32.314315
1339 10.765092 -10.765092 27.390067
1933 30.380247 -30.380247 42.231476
480 18.606343 -4.577476 95.422524
1934 6.444920 -6.444920 19.143659
1945 6.483739 -6.483739 18.143388
505 14.310988 -5.190113 94.809887
1464 96.770625 -3.229375 24.947240
160 51.428571 -48.571429 51.428571
1389 52.751857 -38.164041 61.835959
2424 92.640054 7.359946 82.046112
2423 92.101977 7.898023 80.854393
2268 24.047085 -24.047085 71.426068
2282 24.669698 -24.669698 70.776809
972 11.949236 -1.538324 98.461676
1992 58.928571 0.000000 100.000000
1993 58.243975 9.909160 90.090840
2001 60.714286 0.000000 100.000000
2160 32.253895 -32.253895 36.158361
2002 71.899855 -8.562163 91.437837
1986 73.214286 0.000000 100.000000
1473 74.468085 0.000000 0.000000
2756 77.791768 -9.634638 9.634638
1042 87.318529 12.681471 57.538110
279 52.940972 -21.816600 78.183400
1378 61.900663 38.099337 43.068855
752 45.420234 -28.709569 28.709569
1936 47.120078 -39.052686 39.052686
1935 46.295797 -36.910896 36.910896
711 100.000000 0.000000 0.000000
2741 26.349400 -11.245156 11.245156
2742 25.267875 -14.749602 14.749602
271 3.383532 -3.383532 59.992915
268 6.340134 -6.340134 61.043088
18 1.317449 1.317449 83.509557
325 99.076367 -0.923633 26.486103
1452 52.083333 47.916667 47.916667
2425 66.541984 33.458016 60.573894
1456 14.709023 14.709023 27.493522
534 86.335094 13.664906 26.166473
2727 76.198488 11.409354 88.590646
740 89.708905 10.291095 73.937017
679 15.219712 15.219712 41.269942
2211 95.407184 -4.592816 50.538643
2196 96.037841 -3.962159 47.166555
1994 36.760299 5.864128 94.135872
1997 36.102415 6.377822 93.622178
674 50.000000 50.000000 50.000000
2732 52.026847 47.973153 49.985407
750 46.000000 -46.000000 46.000000
1923 48.360816 -41.038322 41.038322
747 48.000000 -48.000000 48.000000
2757 95.206339 -2.178066 2.178066
2758 96.164656 -1.725223 1.725223
2051 9.753513 9.753513 85.888679
403 43.628991 27.649700 27.649700
2644 42.933807 15.888553 15.888553
2645 41.577355 14.180249 14.180249
892 53.191489 0.000000 0.000000
2599 53.940526 -7.185486 7.185486
2600 53.165844 -6.251705 6.251705
820 65.918127 -34.081873 37.227660
2309 49.266209 -45.274422 45.274422
117 96.444466 3.555534 13.771027
2037 95.804601 4.195399 14.802064
2055 95.981989 4.018011 13.276485
929 84.258861 15.741139 39.930178
2455 29.423961 29.423961 39.942276
1113 30.343559 30.343559 38.371984
1407 15.471575 -4.699748 95.300252
2056 62.500000 37.500000 37.500000
654 4.763068 4.763068 24.750663
2748 83.963480 -5.656105 5.656105
767 82.758621 -17.241379 17.241379
547 86.488814 9.907354 90.092646
295 88.858419 -11.141581 86.158826
2759 92.512202 -2.905857 2.905857
2317 73.588031 -26.411969 35.139222
1441 88.571429 -11.428571 88.571429
270 1.271122 -1.271122 60.514949
497 0.000000 0.000000 52.380952
1959 17.741935 17.741935 82.258065
1960 19.354839 19.354839 80.645161
2015 18.448242 10.773084 89.226916
1996 20.967742 20.967742 79.032258
2713 17.630754 10.486331 89.513669
2296 71.149598 -28.850402 39.507993
2809 16.718767 -16.718767 28.902283
2024 59.461011 29.646686 29.646686
2078 61.642950 32.859412 32.859412
2373 41.147986 -10.147309 89.852691
2040 4.981551 4.981551 90.982537
2058 6.843619 6.843619 85.858248
2162 43.816558 -22.502211 22.502211
651 12.500000 0.000000 100.000000
591 13.421495 -0.660833 99.339167
2544 74.054854 -11.804119 11.804119
2609 73.313302 -12.947525 12.947525
727 72.734810 -16.166093 83.833907
1204 97.679982 -2.320018 66.323271
918 15.129082 -11.722942 11.722942
2247 15.200522 -15.200522 81.253292
1014 60.000000 40.000000 60.000000
1011 59.865570 20.222925 79.777075
1048 45.117628 45.117628 49.001996
1897 38.643246 -38.643246 42.360256
1938 37.571801 -37.571801 41.630631
2532 53.253579 35.832306 35.832306
852 68.750000 31.250000 31.250000
2060 69.926434 30.073566 32.743188
1061 100.000000 0.000000 100.000000
529 8.241596 -8.241596 24.395095
716 95.879761 -4.120239 88.798850
614 35.185185 -35.185185 64.814815
2272 34.430578 -34.430578 60.580690
2276 35.178370 -35.178370 60.847167
2269 33.353683 -33.353683 62.346452
148 52.857143 -47.142857 52.857143
2165 49.553055 -13.673553 13.673553
2484 41.393336 41.393336 43.471338
1887 5.120186 -5.120186 43.188585
1888 4.666125 -4.666125 41.097131
1201 45.816570 -15.697567 84.302433
771 43.964311 -16.271860 83.728140
2374 44.487629 -25.825815 74.174185
612 87.234043 0.000000 0.000000
990 84.099534 15.900466 24.555216
673 78.717425 21.282575 63.025691
2365 25.553995 -21.868320 78.131680
834 89.673442 -2.458958 97.541042
2320 58.049604 -41.950396 51.591663
1330 87.912454 -2.898153 2.898153
1980 24.992374 -2.182731 97.817269
1998 24.027425 -2.062267 97.937733
2166 45.068398 -20.123476 20.123476
2456 30.618018 30.618018 42.391918
2500 31.218786 31.218786 42.302086
2433 32.103369 32.103369 49.220661
2264 42.860197 -42.860197 54.816950
2625 46.808511 0.000000 0.000000
2641 44.680851 0.000000 0.000000
684 31.914894 0.000000 0.000000
2736 32.984670 -16.354597 16.354597
76 9.863977 -9.863977 24.851156
1901 11.205518 -11.205518 25.813538
2167 77.083333 22.916667 22.916667
720 98.707617 -1.292383 95.848489
2669 97.884780 -2.115220 94.343452
358 28.364403 -28.364403 35.422076
2168 28.138110 -28.138110 31.784814
2321 89.920325 -10.079675 22.502285
2761 93.678525 -3.539462 3.539462
394 54.285714 -45.714286 54.285714
2315 53.954382 -46.045618 50.381568
2316 55.003340 -44.996660 50.767896
2323 55.480227 -44.519773 52.347596
2833 80.649224 -19.350776 70.251553
17 13.354947 13.354947 23.242507
2457 14.919576 14.919576 23.035079
2458 14.023205 14.023205 20.948744
884 60.621637 39.378363 59.171983
615 34.721288 -19.150170 80.849830
2371 34.847743 -27.259852 72.740148
2459 12.660629 12.660629 20.832714
1211 11.586031 11.586031 22.599238
2324 56.837476 -43.162524 51.322278
2325 56.085957 -43.914043 52.070848
2426 73.070963 26.929037 65.742788
2533 93.524193 6.475807 76.099134
2518 93.841864 6.158136 77.302631
246 7.402678 -7.402678 56.748134
2379 8.802617 -8.802617 88.708717
2380 8.306255 -8.306255 89.684030
592 39.845977 -12.489013 87.510987
588 41.676639 -20.263977 79.736023
2699 48.154430 48.154430 50.572159
0 81.928465 18.071535 74.212757
2064 91.459608 8.540392 16.297551
2479 38.102144 38.102144 40.593795
2066 39.389611 39.389611 41.902401
2502 38.122939 38.122939 39.374049
2559 79.320306 -20.679694 23.443241
967 11.388119 11.388119 86.184738
1999 11.290323 11.290323 88.709677
1988 12.903226 12.903226 87.096774
1096 8.355787 8.355787 89.721673
2000 9.677419 9.677419 90.322581
1882 5.147282 5.147282 8.067711
1231 13.500774 13.500774 37.139943
1234 15.662930 15.662930 34.173614
2671 97.195955 -2.804045 78.662795
909 80.621170 19.378830 23.415154
2172 81.098652 18.901348 21.619921
2173 79.589313 20.410687 22.661078
908 78.480198 21.519802 24.667371
2174 78.579878 21.420122 22.769612
2527 72.849108 27.150892 58.663483
1889 5.115992 -5.115992 33.708393
914 4.428467 -4.428467 54.166742
2514 92.249039 7.750961 77.000649
247 12.981303 -12.981303 57.530405
2033 38.940853 38.940853 43.857817
2743 24.458060 -12.502852 12.502852
372 9.999915 -5.912071 94.087929
183 23.934770 9.492487 9.492487
2700 47.277525 47.277525 49.688754
2701 46.459003 46.459003 49.645806
123 2.355516 2.355516 9.651114
35 29.629630 -29.629630 70.370370
2274 28.283243 -28.283243 68.087909
1449 91.903964 -2.988994 97.011006
2462 15.642016 15.642016 24.775298
1411 57.839361 42.160639 49.523155
2027 35.069131 35.069131 46.300609
2437 36.379186 36.379186 49.591967
2829 77.145233 -22.854767 70.879280
2731 73.713302 12.705130 12.705130
2275 27.415846 -27.415846 67.907613
2536 74.693223 25.306777 61.435258
2534 73.651161 26.348839 60.851874
1261 56.077960 43.922040 52.298461
2265 35.865707 -35.865707 60.914046
2283 6.005273 -6.005273 87.999287
1872 6.188991 -6.188991 88.626133
742 55.568187 16.620882 16.620882
2182 55.010024 9.187898 9.187898
2692 3.650681 1.435539 1.435539
1943 96.504459 -3.495541 92.484226
129 96.116693 3.883307 6.833806
589 87.785538 -12.214462 23.357043
2560 86.703864 -13.296136 22.735638
220 25.778672 -10.461109 89.538891
801 76.776179 23.223821 27.490291
2361 41.496770 -33.174327 66.825673
2382 42.186904 -30.795196 69.204804
2375 42.981615 -27.149888 72.850112
2649 10.000000 10.000000 10.000000
2230 4.882253 4.882253 42.971548
2228 5.415895 5.415895 40.807966
2702 25.339227 13.977662 86.022338
2358 36.310001 -30.229281 69.770719
1891 4.674992 -4.674992 34.696174
2032 37.959493 37.959493 44.537591
2439 38.447254 38.447254 48.145634
1937 72.857143 -27.142857 72.857143
1921 74.285714 -25.714286 74.285714
2623 30.203249 30.203249 33.883289
2624 28.926954 28.926954 32.917089
2105 28.958906 -28.958906 31.816241
2226 0.000000 0.000000 47.619048
1965 96.428571 0.000000 100.000000
2326 53.147280 -46.852720 49.901564
1376 14.077813 -14.077813 21.836367
617 1.785714 0.000000 100.000000
2791 93.473819 -5.593431 94.406569
2144 64.356463 16.526839 16.526839
2177 62.865727 10.915309 10.915309
2004 76.636555 -5.940204 94.059796
2005 77.543969 -4.114496 95.885504
1940 62.857143 -37.142857 62.857143
1947 64.285714 -35.714286 64.285714
902 94.053859 5.946141 15.332754
1982 68.446062 -11.632245 88.367755
2562 86.013738 -13.986262 22.952765
2561 85.134973 -14.865027 23.164592
1987 78.571429 0.000000 100.000000
2006 79.257673 -4.391724 95.608276
280 46.428571 0.000000 100.000000
2394 47.229077 -4.238319 95.761681
2392 48.214286 0.000000 100.000000
2069 72.578724 27.421276 30.562461
2328 59.324325 -40.675675 51.608932
2070 68.490263 31.509737 33.679240
2071 67.859661 32.140339 34.793600
2329 88.900867 -11.099133 23.398883
2427 64.984438 35.015562 58.537346
195 76.684538 -23.315462 27.751206
2313 77.248221 -22.751779 30.931211
2330 75.822210 -24.177790 31.547189
2277 32.510600 -32.510600 63.589360
1084 85.837348 -14.162652 24.730064
2331 85.805871 -14.194129 26.774587
276 51.069527 -14.482599 85.517401
772 5.759539 5.759539 93.242395
1989 4.838710 4.838710 95.161290
2009 6.451613 6.451613 93.548387
2840 71.317944 -14.721340 85.278660
2010 70.803666 -11.923383 88.076617
2628 5.000000 5.000000 5.000000
2278 17.588710 -17.588710 79.319893
2256 18.442169 -18.442169 78.834971
1892 3.015782 3.015782 93.460152
2012 57.467492 9.513721 90.486279
2213 95.244932 -4.755068 20.176967
2372 33.788494 -25.159329 74.840671
2386 33.060133 -26.172165 73.827835
2563 77.736121 -12.074751 12.074751
2545 76.075923 -11.083944 11.083944
2013 53.939369 -9.357848 90.642152
2014 52.763782 -10.374252 89.625748
912 81.203168 18.796832 25.796159
671 48.333333 48.333333 48.333333
528 46.666667 46.666667 46.666667
1902 12.200167 -12.200167 26.150360
1949 12.740509 -12.740509 26.991057
709 97.997639 2.002361 5.808717
2703 27.916086 14.924709 85.075291
69 98.905138 1.094862 67.405379
2180 97.090719 2.909281 6.318836
2790 21.965238 -16.049428 83.950572
2564 84.037553 -15.962447 23.195612
2072 54.127522 21.156120 21.156120
2048 52.908494 22.769626 22.769626
2045 55.315214 24.580157 24.580157
2073 54.697282 22.842721 22.842721
2334 88.429836 -11.570164 24.329627
2428 65.778472 34.221528 59.586966
2181 82.319015 17.680985 20.923145
2523 56.669407 43.330593 50.301844
2537 55.721811 44.278189 50.158215
2068 7.652137 7.652137 83.632091
2679 97.017578 2.982422 12.720671
2682 96.970627 3.029373 13.975298
1950 84.285714 -15.714286 84.285714
1951 85.714286 -14.285714 85.714286
2057 60.863040 29.140330 29.140330
739 53.685444 14.533647 14.533647
2183 54.393767 7.635886 7.635886
2050 93.939884 6.060116 13.532883
2075 93.240364 6.759636 14.654324
127 4.044676 4.044676 8.608360
2768 23.797151 -23.797151 34.304434
2770 22.996268 -22.996268 33.175387
1968 50.000000 0.000000 100.000000
2007 47.770099 -9.480364 90.519636
2348 49.323826 -11.967801 88.032199
2076 88.669018 11.330982 19.183886
29 3.960043 3.960043 92.066028
2388 35.680217 -28.681082 71.318918
2074 71.788674 28.211326 31.902930
1335 67.180831 -24.709095 75.290905
1948 65.714286 -34.285714 65.714286
1898 40.054309 -40.054309 43.382352
2796 92.976162 -7.023838 15.925175
1893 4.623327 -4.623327 49.954973
2429 91.582044 8.417956 79.672038
2281 7.736190 -7.736190 81.372840
2565 82.645567 -17.354433 24.274584
2566 83.381470 -16.618530 23.754987
2652 44.281773 17.833778 17.833778
2530 50.745146 36.349599 36.349599
2124 53.560450 6.822000 6.822000
1340 14.285714 0.000000 100.000000
2762 94.332368 -2.722485 2.722485
2672 96.216809 -3.783191 66.454766
2034 78.988541 21.011459 27.290007
2063 31.897697 31.897697 45.839103
2658 98.571429 -1.428571 98.571429
2279 45.161666 -45.161666 48.587166
2017 66.652309 -10.445961 89.554039
1969 51.785714 0.000000 100.000000
2744 34.015308 -16.069751 16.069751
2187 37.430604 -30.376464 30.376464
2176 31.394942 -31.394942 35.208049
199 73.915209 -26.084791 31.216264
2335 74.917707 -25.082293 33.147988
2079 70.956980 29.043020 31.979985
2336 53.023328 -37.308289 37.308289
2766 20.112420 -20.112420 30.691668
2390 45.765507 -22.941678 77.058322
2772 10.560558 -10.560558 22.244124
2704 1.656106 1.209677 98.790323
1890 1.612903 1.612903 98.387097
2043 33.080182 33.080182 46.222205
2451 32.015870 32.015870 42.605337
526 45.194517 9.199418 9.199418
1878 4.711827 4.711827 92.925840
2189 24.883687 -24.883687 28.657867
2080 92.726765 7.273235 14.824899
2169 74.137931 -25.862069 25.862069
2602 73.123519 -15.848049 15.848049
935 70.339799 -29.660201 34.982042
2065 92.185381 7.814619 15.064187
890 51.063830 0.000000 0.000000
2110 51.924317 -11.421760 11.421760
2171 50.853512 -13.725375 13.725375
2161 53.051887 -11.905535 11.905535
2570 52.479473 -5.915800 5.915800
2185 68.891835 18.231100 18.231100
2192 60.878412 9.651086 9.651086
2605 59.304328 -31.935761 31.935761
2606 59.781458 -28.383948 28.383948
2592 62.122724 -11.972102 11.972102
2191 61.648168 12.835723 12.835723
2113 67.329850 15.997667 15.997667
2572 71.827748 -28.172252 30.572762
2179 65.931770 -24.911009 24.911009
2610 67.056395 -17.038289 17.038289
2111 70.689655 -29.310345 29.310345
2547 68.466510 -15.723428 15.723428
2633 48.936170 0.000000 0.000000
2740 35.034007 -13.924408 13.924408
2685 34.956548 16.765807 16.765807
2551 56.085441 -9.315123 9.315123
2621 55.359889 -8.730909 8.730909
2132 56.237647 -18.533140 18.533140
2554 64.897315 -12.140814 12.140814
2614 65.960732 -13.522528 13.522528
2137 64.022478 -22.103678 22.103678
1995 69.538515 -14.099689 85.900311
2112 72.413793 -27.586207 27.586207
2576 73.406054 -26.593946 28.637834
1875 6.671481 -6.671481 87.420315
2284 6.406261 -6.406261 89.274735
2285 6.783258 -6.783258 88.347682
2290 6.868507 -6.868507 85.347911
2292 7.078676 -7.078676 87.884452
1952 6.745077 -6.745077 16.212774
1953 6.291001 -6.291001 17.061167
2338 93.547877 -6.452123 15.383585
2081 4.219807 4.219807 93.187149
2082 5.216352 5.216352 92.982367
2084 6.468967 6.468967 91.266456
2085 7.097538 7.097538 89.682894
2086 7.693791 7.693791 88.714179
2087 6.244788 6.244788 87.720178
2464 4.378307 4.378307 7.375136
632 3.225806 3.225806 96.774194
2805 19.018344 -19.018344 30.378561
1906 95.714286 -4.285714 95.714286
2792 95.080672 -4.319340 95.680660
2806 14.558711 -14.558711 27.327162
2807 15.882545 -15.882545 28.123344
2808 15.156627 -15.156627 27.584697
2812 18.531176 -18.531176 29.701728
2810 17.876132 -17.876132 29.225672
2773 7.815315 -7.815315 18.412945
1927 8.654894 -8.654894 18.482257
2816 8.197586 -8.197586 19.480349
2817 8.518303 -8.518303 19.851977
1930 9.718147 -9.718147 20.052512
1942 9.155881 -9.155881 19.469952
2820 8.866484 -8.866484 20.535826
2819 9.117095 -9.117095 20.654550
2776 9.349807 -9.349807 20.295290
2777 8.993742 -8.993742 20.115765
1876 6.803056 -6.803056 17.297812
2778 7.387430 -7.387430 18.090414
2813 6.676209 -6.676209 17.891700
2793 94.220141 -4.873322 95.126678
1981 16.071429 0.000000 100.000000
2008 16.129032 16.129032 83.870968
2717 13.534847 7.893356 92.106644
2719 14.560779 9.033835 90.966165
2707 16.821316 10.204497 89.795503
1971 22.000688 -1.433798 98.566202
2393 50.544767 -6.612600 93.387400
2018 52.297613 -6.214213 93.785787
2709 3.485023 0.806452 99.193548
2712 4.842049 2.786296 97.213704
2715 8.790538 4.261384 95.738616
2716 8.260819 5.288694 94.711306
2016 8.064516 8.064516 91.935484
2384 46.503351 -7.472912 92.527088
2706 16.079239 12.112952 87.887048
2721 7.628762 4.440150 95.559850
2466 44.109537 35.756410 35.756410
2465 45.000000 45.000000 45.000000
2495 35.240899 35.240899 42.936848
2494 35.757323 35.757323 43.062045
2044 34.132192 34.132192 46.476294
2472 35.337598 35.337598 49.170003
2471 34.568517 34.568517 42.987362
2473 33.939991 33.939991 43.668910
2475 47.376540 30.611528 30.611528
2474 47.329346 39.221408 39.221408
2477 39.234849 39.234849 46.902878
2481 40.271159 40.271159 44.989724
2480 40.238060 40.238060 46.910292
2497 38.333333 38.333333 38.333333
2498 40.012339 34.768006 34.768006
2485 41.349009 34.270517 34.270517
2061 40.000000 40.000000 40.000000
2490 34.961574 34.961574 49.789796
2489 33.031672 33.031672 43.576824
2491 33.406795 33.406795 43.260462
2493 35.986748 35.986748 41.813112
2496 37.103970 37.103970 49.252272
2499 40.714044 40.714044 43.530370
2503 40.632418 40.632418 44.540121
2567 75.014352 -11.325464 11.325464
1475 28.000000 -28.000000 28.000000
2571 52.491877 -17.902934 17.902934
2569 51.605320 -19.080914 19.080914
2573 70.044938 -16.957451 16.957451
2575 70.569626 -12.167276 12.167276
2577 72.091527 -16.292720 16.292720
2824 13.424373 -13.424373 24.712347
2579 56.909803 -12.515405 12.515405
2578 56.380366 -28.249141 28.249141
2581 57.431459 -32.668549 32.668549
2582 58.019843 -28.763979 28.763979
2150 62.826278 -18.698250 18.698250
2584 63.681675 -12.307669 12.307669
2585 63.793103 -36.206897 36.206897
2613 65.517241 -34.482759 34.482759
2170 59.127987 -21.651145 21.651145
2587 58.610798 -10.727224 10.727224
2588 57.939354 -10.731266 10.731266
2607 59.415633 -12.664992 12.664992
2589 58.646677 -28.609228 28.609228
2163 42.602650 -25.113413 25.113413
2590 62.832518 -8.595604 8.595604
2595 61.856999 -28.545744 28.545744
2184 59.976474 -19.920919 19.920919
2596 60.511936 -27.066931 27.066931
2594 61.239208 -28.700669 28.700669
2186 54.119168 -15.458450 15.458450
2619 54.795616 -9.497226 9.497226
2601 53.242006 -19.202612 19.202612
2603 74.735588 -25.264412 27.951868
2604 75.534205 -24.465795 26.291968
2608 76.250899 -23.749101 25.756768
2611 67.241379 -32.758621 32.758621
2615 59.788437 -11.025671 11.025671
2616 60.153674 -28.756743 28.756743
2617 53.911240 -22.842289 22.842289
2618 54.653555 -21.464712 21.464712
2209 95.729832 -4.270168 31.309864
2231 3.268365 3.268365 15.004083
2287 8.424444 -8.424444 85.448108
2763 51.370507 -48.629493 49.880064
2318 72.217504 -27.782496 37.285803
2794 80.349871 -19.650129 27.576663
2795 79.612084 -20.387916 27.923156
2460 13.353924 13.353924 20.821892
2486 42.419045 35.070554 35.070554
2521 90.414073 9.585927 73.894893
2642 43.764012 -4.915693 4.915693
2661 96.281553 -3.718447 64.402110
2804 95.563688 -4.436312 66.964020
2708 16.188848 10.418072 89.581928
2825 13.639976 -13.639976 25.089962
2774 8.309475 -8.309475 18.898363
2775 8.729354 -8.729354 19.508184
2818 8.743831 -8.743831 20.230790
2780 11.915632 -11.915632 22.752048
2782 13.780415 -13.780415 24.534570
2814 14.025175 -14.025175 25.277977
2811 17.218058 -17.218058 28.915516
2835 81.508835 -18.491165 69.213306
