236 14.035565 -14.035565 56.705313
2582 11.187535 -11.187535 54.859116
2585 13.448810 -13.448810 53.128363
141 20.930235 -5.795001 94.204999
729 22.748504 -9.658019 90.341981
503 33.919656 -8.237551 91.762449
216 27.674090 27.674090 53.473559
330 31.959695 31.959695 47.085261
674 24.375326 24.375326 48.830150
111 66.497490 26.325713 73.674287
636 67.863884 24.158959 75.841041
398 69.517288 24.996723 75.003277
62 95.012892 -4.987108 60.179383
457 95.677971 -4.322029 54.924027
470 100.000000 0.000000 56.250000
140 66.666667 -33.333333 66.666667
602 63.888889 -36.111111 63.888889
2176 67.589767 -32.410233 59.570600
706 84.954664 -15.045336 62.996192
2667 87.673983 -12.326017 64.483944
2666 85.847365 -14.152635 67.689177
2550 89.628423 -10.371577 66.639084
2571 90.150945 -9.849055 62.334663
2665 92.273468 -7.726532 63.146480
262 91.497703 -8.502297 71.373912
2653 85.818644 -14.181356 72.315875
343 51.473698 15.187398 15.187398
626 52.041393 18.126344 18.126344
2006 55.596001 16.131641 16.131641
175 26.475961 -9.284215 9.284215
346 31.577788 -9.437833 9.437833
1751 29.721756 -11.220477 11.220477
160 100.000000 0.000000 50.000000
569 100.000000 0.000000 43.750000
588 95.466057 4.533943 50.090910
128 72.976502 21.492019 78.507981
2081 71.485465 22.458056 77.541944
397 70.797419 21.926122 78.073878
99 33.874301 16.361514 83.638486
2301 26.844280 12.132654 87.867346
375 32.713974 11.848841 88.151159
77 46.547849 1.772406 1.772406
662 41.551828 3.237929 3.237929
709 48.397524 4.879671 4.879671
270 64.627364 -22.420266 22.420266
510 69.252509 -19.542947 19.542947
1917 68.314483 -22.859852 22.859852
82 6.587461 6.587461 40.271098
2030 3.947377 3.947377 36.934646
570 0.000000 0.000000 41.176471
91 87.454539 12.545461 32.126560
455 86.111347 13.888653 40.225260
2298 92.791497 7.208503 35.380786
72 8.158075 -6.297806 6.297806
733 11.922536 -7.552004 7.552004
445 10.000000 -10.000000 10.000000
101 40.458010 3.785537 96.214463
412 32.170769 4.628229 95.371771
653 30.483838 2.526356 97.473644
181 46.743465 -2.313585 2.313585
424 38.039030 -3.465896 3.465896
394 38.461538 0.000000 0.000000
251 45.000000 45.000000 55.000000
2682 48.731633 45.982341 54.017659
1632 50.000000 50.000000 50.000000
331 63.333333 -36.666667 36.666667
2215 65.480007 -34.519993 37.013803
717 63.010298 -36.989702 40.109072
1529 34.275031 7.051234 92.948766
2003 27.082502 5.563029 94.436971
155 52.238569 -9.401889 9.401889
565 46.961663 -7.350874 7.350874
453 51.433715 -5.301294 5.301294
448 87.557090 -12.442910 17.013705
2702 85.980840 -14.019160 21.685584
2703 85.390735 -14.609265 20.151861
104 46.734631 -21.017617 21.017617
2050 43.561043 -22.555025 22.555025
421 41.742205 -19.759140 19.759140
127 61.486675 10.112557 10.112557
528 67.250636 7.329031 7.329031
345 60.308168 5.711073 5.711073
187 0.000000 0.000000 17.647059
461 1.994779 -1.994779 24.693595
597 0.000000 0.000000 23.529412
348 95.315103 -4.684897 37.498891
423 97.132600 -2.867400 43.706077
2676 94.270375 -5.729625 43.680736
17 35.939280 -20.821710 20.821710
309 40.414413 -22.624121 22.624121
1464 38.353955 -24.968702 24.968702
55 22.649855 -13.442883 13.442883
289 16.670360 -10.558044 10.558044
501 21.733379 -9.919720 9.919720
220 85.031356 14.968644 25.053276
2162 80.042777 19.957223 25.667965
323 80.973085 19.026915 31.785252
2475 31.409406 17.744412 82.255588
2500 29.317120 16.639753 83.360247
12 76.923484 17.073146 82.926854
442 76.019852 14.488719 85.511281
666 80.881906 15.055335 84.944665
657 61.047170 9.563577 90.436423
2626 65.069351 10.178735 89.821265
686 63.183884 11.236927 88.763073
502 45.454545 45.454545 45.454545
2679 45.516114 45.516114 50.726741
167 76.543448 23.456552 66.541963
399 76.470588 23.529412 76.470588
372 84.081995 15.918005 69.075998
242 11.317150 -11.317150 73.587354
598 10.867882 -10.867882 67.763518
511 15.880789 -15.880789 69.128563
172 42.307692 -42.307692 57.692308
730 38.461538 -38.461538 61.538462
702 36.505858 -36.505858 59.535317
15 40.782354 27.609457 72.390543
406 42.680402 34.800511 65.199489
400 35.600333 29.553864 70.446136
276 9.999118 9.999118 79.666105
481 15.000000 15.000000 85.000000
2477 20.000000 20.000000 80.000000
1795 44.889084 -5.109416 5.109416
267 72.205662 -27.794338 32.559508
487 68.331042 -31.668958 35.187974
516 70.000000 -30.000000 30.000000
66 50.380787 11.267738 88.732262
498 44.511254 10.830296 89.169704
493 49.397432 8.857851 91.142149
70 84.659178 -15.340822 34.417943
377 84.152123 -15.847877 40.513908
680 81.016539 -18.983461 39.238169
86 0.000000 0.000000 76.470588
629 0.000000 0.000000 82.352941
1995 4.199952 4.199952 78.042201
296 9.221032 -9.221032 31.777804
2263 12.850153 -12.850153 32.609319
404 12.904534 -12.904534 39.082662
54 70.010871 3.457477 3.457477
668 77.397251 2.657722 2.657722
354 76.923077 0.000000 0.000000
41 25.266004 25.266004 42.861552
582 19.826377 19.826377 38.716229
508 17.775144 17.775144 45.380679
478 0.000000 0.000000 64.705882
1603 3.046748 3.046748 59.699312
2597 0.000000 0.000000 58.823529
107 28.756068 -24.411737 24.411737
386 30.000000 -30.000000 30.000000
315 26.666667 -26.666667 26.666667
25 42.580640 36.177099 36.177099
731 40.629683 31.369059 31.369059
488 38.082619 34.403219 34.403219
137 5.527213 -5.527213 26.443558
575 5.862553 -5.862553 31.595817
689 3.059418 -3.059418 31.020961
26 51.334553 11.545865 11.545865
2306 54.885421 13.654596 13.654596
446 56.710934 11.674537 11.674537
79 78.405817 8.743406 91.256594
566 78.255815 11.163062 88.836938
714 74.715085 10.538350 89.461650
180 20.640386 2.937370 2.937370
1974 14.012868 2.728980 2.728980
581 19.239454 5.506604 5.506604
623 93.210119 -6.789881 49.806833
2670 92.583790 -7.416210 55.411078
2552 90.054956 -9.945044 55.596232
2554 88.339714 -11.660286 52.888576
2553 90.714879 -9.285121 58.831432
2672 88.374475 -11.625525 61.227609
621 90.661101 9.338899 58.026328
206 17.927344 8.879913 91.120087
382 24.810278 14.342082 85.657918
84 76.340435 16.929118 16.929118
376 70.639148 20.869624 20.869624
2677 75.357448 19.222003 19.222003
248 27.879972 -27.879972 60.213577
724 29.579191 -29.579191 58.015096
405 30.896416 -30.896416 62.279845
353 81.506295 -2.565101 2.565101
1805 76.448807 -4.089002 4.089002
2303 76.729492 -1.604684 1.604684
188 19.479073 19.479073 25.806991
518 14.594205 14.594205 25.461932
600 17.598194 17.598194 29.523980
48 66.918961 13.719326 13.719326
269 73.556905 12.593549 12.593549
590 70.876835 10.706240 10.706240
173 29.900026 22.860677 22.860677
589 29.661803 19.512144 19.512144
2598 28.393794 21.809531 21.809531
3 58.342653 -3.977583 3.977583
634 61.538462 0.000000 0.000000
466 65.310933 -3.641699 3.641699
95 6.027353 -6.027353 48.722944
552 9.305999 -9.305999 44.307445
2583 9.130960 -9.130960 49.136859
2584 7.569099 -7.569099 51.655180
250 80.374088 -10.064235 10.064235
606 77.061109 -13.019440 13.019440
420 73.769340 -10.605799 10.605799
117 84.615385 0.000000 0.000000
143 55.383548 15.168034 84.831966
659 58.367988 16.856532 83.143468
320 54.451314 18.283612 81.716388
735 54.380890 -2.318492 2.318492
28 12.708095 12.708095 29.267532
2296 11.197080 11.197080 32.068042
415 15.058998 15.058998 33.997998
49 33.333333 -33.333333 33.333333
452 34.199102 -34.199102 37.591909
2439 31.101115 -31.101115 33.912035
100 19.928353 8.573437 8.573437
303 13.225264 5.395849 5.395849
456 13.730275 8.486562 8.486562
34 54.166667 45.833333 45.833333
254 55.275439 38.327427 38.327427
459 51.813993 42.833905 42.833905
235 59.941670 21.351420 21.351420
318 60.296534 17.420989 17.420989
703 56.959823 20.400017 20.400017
2558 89.407989 -10.592011 48.343631
245 59.311918 13.733537 13.733537
671 63.459198 12.531350 12.531350
684 6.800689 6.800689 73.679170
469 70.761226 -29.238774 61.816378
441 66.027031 24.020088 24.020088
2531 67.938749 24.631192 24.631192
129 69.822536 24.595943 24.595943
2532 67.810059 26.402153 26.402153
71 52.612562 33.840575 33.840575
556 54.942727 30.114747 30.114747
363 51.421023 29.284840 29.284840
118 66.815032 8.825707 91.174293
426 62.176172 6.648806 93.351194
2627 69.293920 7.203053 92.796947
50 32.096079 6.873328 6.873328
379 27.087827 9.672125 9.672125
492 33.818264 10.572093 10.572093
149 47.389851 17.396858 17.396858
473 42.388382 18.137355 18.137355
649 45.408658 20.732954 20.732954
2186 52.517506 -12.970420 12.970420
579 47.868026 -12.431891 12.431891
174 82.305052 -17.694948 27.043176
389 80.189071 -19.810929 33.587372
635 79.432844 -20.567156 28.759059
108 33.388068 -33.388068 55.850762
395 28.913299 -28.913299 54.166273
543 19.094130 11.027390 11.027390
176 6.008812 -6.008812 64.834913
2478 4.862518 -4.862518 61.572790
433 9.372330 -9.372330 60.373428
349 69.230769 0.000000 0.000000
1643 65.084160 2.788593 2.788593
497 2.914879 2.914879 18.984615
520 19.760981 -19.760981 65.489180
2608 17.519907 -17.519907 62.921554
419 19.712987 -19.712987 60.704805
47 14.660919 -14.660919 64.312186
2470 16.195231 -16.195231 60.672561
1790 32.229873 -32.229873 51.526823
74 5.062537 5.062537 16.107596
574 7.199706 7.199706 20.609838
2235 8.651392 8.651392 17.920254
644 49.178748 32.378487 32.378487
305 42.898913 30.093834 30.093834
601 45.319060 32.751264 32.751264
197 15.916411 -6.967147 6.967147
132 72.956517 -20.585250 20.585250
2603 73.176694 -18.201259 18.201259
1721 77.916781 -15.973616 15.973616
183 94.117647 5.882353 94.117647
2683 96.923441 3.076559 93.321789
463 96.517292 3.482708 88.360684
119 71.652616 -2.974000 2.974000
1722 70.543080 -5.534615 5.534615
212 4.821356 -4.821356 34.084031
587 5.291041 -5.291041 37.526804
2277 3.210026 -3.210026 35.623842
213 9.370348 9.370348 12.766474
571 9.090909 9.090909 9.090909
364 4.613203 4.613203 9.551356
449 69.060865 16.380229 16.380229
258 57.343375 32.212392 32.212392
1877 58.058626 28.390736 28.390736
151 47.765397 29.960596 29.960596
68 21.863961 21.863961 65.733984
627 28.081926 28.081926 60.808561
332 19.201698 19.201698 55.349697
16 41.615031 -41.615031 48.904874
2688 46.108886 -46.108886 49.854424
1374 46.153846 -46.153846 53.846154
219 57.606887 -25.206664 25.206664
351 59.946517 -22.068395 22.068395
577 61.247270 -24.782214 24.782214
22 29.006575 8.117887 91.882113
485 37.087102 9.837987 90.162013
2304 56.278866 -23.260353 23.260353
291 82.718470 5.565533 94.434467
2183 87.243777 6.782173 93.217827
2479 24.757483 -22.663313 22.663313
2480 26.067803 -21.649551 21.649551
572 22.336801 -22.336801 26.962172
2482 23.333333 -23.333333 23.333333
361 24.344419 12.494299 12.494299
88 12.972007 -12.972007 26.386103
310 16.119035 -16.119035 21.811297
693 18.072976 -18.072976 26.762897
5 69.202546 21.334725 78.665275
274 69.996846 19.141414 80.858586
551 72.021296 20.331458 79.668542
142 82.486384 -17.513616 46.781156
675 86.481189 -13.518811 43.605184
458 85.670711 -14.329289 49.735014
237 51.940022 27.461330 72.538670
321 56.112458 25.209253 74.790747
1873 55.970053 27.481743 72.518257
719 27.135157 -5.861227 5.861227
316 48.802635 -43.011661 43.011661
366 50.000000 -50.000000 50.000000
2269 46.666667 -46.666667 46.666667
164 69.180572 16.430911 83.569089
2637 67.764590 14.465559 85.534441
226 71.384558 13.447142 86.552858
2 65.130801 13.559497 86.440503
2638 68.377817 13.140231 86.859769
42 45.725240 16.655448 83.344552
632 50.650822 16.462457 83.537543
2211 49.507584 18.366656 81.633344
555 80.107346 -19.892654 54.524534
96 56.629413 21.612263 78.387737
2159 52.636273 23.657559 76.342441
438 51.054325 20.794600 79.205400
255 42.672863 -7.253050 92.746950
708 45.679555 -5.240543 94.759457
725 34.854865 -5.562472 94.437528
116 2.878313 -2.878313 40.193297
322 5.930070 -5.930070 42.327727
223 34.104107 18.886483 18.886483
2631 33.691030 20.496944 20.496944
690 53.962686 -24.996436 24.996436
78 41.609912 41.609912 52.452417
1996 38.937010 38.937010 48.239088
205 21.231743 -21.231743 56.004409
559 22.843578 -22.843578 54.086834
505 23.451109 -23.451109 57.803805
126 21.230770 21.230770 33.488298
392 25.854943 25.854943 37.167730
374 26.528087 26.528087 32.402728
63 36.397459 -11.452493 88.547507
507 45.914008 -9.704269 90.295731
564 80.555556 -19.444444 80.555556
2656 86.221704 -13.778296 75.626731
194 60.306886 -39.693114 42.757958
2221 60.000000 -40.000000 40.000000
51 15.727841 11.514617 88.485383
1525 10.000000 10.000000 90.000000
383 65.763834 -15.618728 15.618728
604 64.153503 -12.911655 12.911655
639 68.665494 -12.910401 12.910401
225 95.833333 4.166667 4.166667
1984 91.153990 4.641027 4.641027
356 91.666667 8.333333 8.333333
260 75.429478 -6.940190 6.940190
300 48.186423 13.838538 86.161462
81 38.819611 23.846131 23.846131
214 40.852031 21.117199 21.117199
454 36.629921 20.922477 20.922477
1955 54.617313 -31.919154 68.080846
407 51.098013 -35.051648 64.948352
2481 3.428561 -3.428561 65.845812
312 78.173786 -21.826214 67.740957
512 81.161113 -18.838887 72.010791
391 74.980020 -22.546251 22.546251
272 70.122254 -25.460795 25.460795
286 77.661887 -22.338113 27.280125
701 75.201715 -24.798285 28.423609
718 76.666667 -23.333333 23.333333
85 48.123266 -36.918267 36.918267
2377 51.011324 -39.383328 39.383328
59 41.267547 -7.115431 7.115431
2250 34.362247 -6.567910 6.567910
46 58.333333 -41.666667 58.333333
2691 46.347716 -38.126779 61.873221
2692 49.230313 -40.838655 59.161345
261 34.615385 -34.615385 65.384615
23 64.389634 -18.978184 18.978184
622 68.721904 -17.052595 17.052595
52 100.000000 0.000000 100.000000
434 100.000000 0.000000 93.750000
669 97.058824 2.941176 97.058824
429 59.062169 37.847151 37.847151
738 59.144420 34.622442 34.622442
295 5.430180 -5.430180 83.694606
2026 6.236444 -6.236444 77.273557
740 10.740996 -10.740996 79.373285
266 91.203289 8.796711 76.094465
722 89.984248 10.015752 81.681307
2384 95.123213 4.876787 76.793854
103 33.397746 -13.321021 13.321021
253 40.186157 6.451288 6.451288
440 46.399920 8.658866 8.658866
1512 72.964557 16.416983 16.416983
2173 69.989576 18.332433 18.332433
2654 87.014912 -12.985088 78.261580
10 72.327285 25.283048 74.716952
1652 73.529412 26.470588 73.529412
396 70.588235 29.411765 70.588235
169 73.304615 4.875842 95.124158
393 62.702679 2.940582 97.059418
409 75.943273 1.722317 98.277683
271 66.931656 22.861753 77.138247
7 66.485690 21.043933 78.956067
2542 65.062726 16.811644 16.811644
1816 63.724242 19.444301 19.444301
2543 66.619030 18.264759 18.264759
0 24.930542 -24.930542 42.102468
432 26.184233 -26.184233 37.852688
720 28.455370 -28.455370 40.604791
732 43.333333 -43.333333 43.333333
2236 44.508584 -39.899776 39.899776
268 70.925876 -29.074124 42.837601
721 69.575219 -30.424781 38.449234
1584 72.857298 -27.142702 36.910660
2203 41.405903 9.480064 9.480064
35 75.000000 25.000000 25.000000
711 79.166667 20.833333 20.833333
98 76.141026 -23.858974 32.278411
387 100.000000 0.000000 62.500000
60 59.360697 27.188833 72.811167
612 60.138291 23.853791 76.146209
2111 48.773453 4.828822 95.171178
307 45.295559 6.379135 93.620865
340 66.829768 10.482237 10.482237
365 93.307775 -6.692225 10.314002
550 94.991288 -5.008712 10.360159
2415 92.501400 -7.498600 14.302498
713 27.324102 -21.000372 21.000372
2505 29.246050 -21.700314 21.700314
45 4.545455 4.545455 4.545455
178 40.000000 -40.000000 40.000000
1836 36.160833 -36.160833 40.891324
148 44.444444 0.000000 100.000000
293 49.978139 2.604170 97.395830
726 42.618496 1.941310 98.058690
298 31.118995 -16.820366 83.179634
1756 15.384615 -15.384615 84.615385
2398 19.230769 -19.230769 80.769231
369 62.447710 20.762286 79.237714
1493 63.917282 23.100138 76.899862
230 6.747665 6.747665 65.493027
1954 0.000000 0.000000 70.588235
352 69.231319 11.088727 88.911273
2559 73.898385 9.904365 90.095635
672 24.895502 9.230921 90.769079
2556 73.784089 11.792187 88.207813
31 8.222737 -8.222737 38.279195
373 73.978776 7.533123 92.466877
1704 73.241318 9.246977 90.753023
2628 70.692290 8.965264 91.034736
716 38.750434 6.000735 93.999265
57 97.706600 -2.293400 7.556482
443 96.666667 -3.333333 3.333333
527 100.000000 0.000000 0.000000
232 11.538462 -11.538462 88.461538
519 7.692308 -7.692308 92.307692
238 40.909091 40.909091 40.909091
408 44.627433 40.278081 40.278081
67 39.193754 15.850065 15.850065
483 36.342509 13.450297 13.450297
616 34.498541 16.215036 16.215036
36 55.294333 4.732942 95.267058
1745 52.841225 6.642328 93.357672
2587 14.148825 -14.148825 43.899576
2586 12.275047 -12.275047 45.369623
198 92.251123 -2.292267 2.292267
592 86.905909 -2.216397 2.216397
357 92.307692 0.000000 0.000000
325 0.000000 0.000000 35.294118
1 58.896365 -4.635094 95.364906
628 69.662200 -2.281330 97.718670
390 56.967607 -1.618789 98.381211
514 18.961364 -18.961364 53.809078
692 19.062997 -13.540830 13.540830
75 64.613772 -26.290002 26.290002
185 93.099402 6.900598 64.792210
2648 32.198894 17.650862 17.650862
195 17.970004 -14.986393 14.986393
723 20.732265 -17.660701 17.660701
489 16.666667 -16.666667 16.666667
728 13.333333 -13.333333 13.333333
2367 15.407339 -12.483720 12.483720
166 0.000000 0.000000 5.882353
625 2.272657 -2.272657 11.750984
292 0.000000 0.000000 11.764706
8 61.923926 26.772606 26.772606
290 65.394970 27.268151 27.268151
43 48.620211 23.084210 23.084210
341 43.921161 24.542844 24.542844
585 48.100703 26.764395 26.764395
637 31.804541 31.804541 39.989263
677 50.900303 -13.342971 86.657029
165 60.786832 1.985821 1.985821
358 43.541543 15.205616 15.205616
643 44.235206 12.009680 12.009680
2065 40.447094 13.570654 13.570654
618 10.452523 -10.452523 84.593007
313 72.580970 -16.703225 16.703225
193 71.063505 -28.936495 56.088278
285 61.885569 -31.303597 31.303597
705 61.192875 -35.773620 35.773620
650 58.093022 -34.759773 34.759773
161 31.174942 13.156321 13.156321
500 30.531124 15.989786 15.989786
608 47.594970 14.269083 14.269083
257 84.344964 10.913327 10.913327
1808 86.707097 7.720979 7.720979
61 15.761314 -15.761314 53.098414
2588 14.366464 -14.366464 50.860477
381 11.893175 -11.893175 50.118497
2184 56.536101 9.326132 9.326132
20 4.344985 -4.344985 15.732919
655 1.999937 -1.999937 15.400897
317 23.076923 -23.076923 76.923077
436 26.923077 -26.923077 73.076923
614 40.615072 -26.285251 73.714749
465 59.854891 -18.844416 18.844416
2192 62.560417 -17.299940 17.299940
244 45.242092 -31.502501 31.502501
525 42.283688 -36.235618 36.235618
294 39.161516 -32.426496 32.426496
29 5.151118 -5.151118 90.339549
153 78.326474 21.673526 40.669464
297 73.747370 26.252630 48.944866
476 81.098594 18.901406 49.095628
139 66.666667 -33.333333 33.333333
529 66.657652 -29.277546 29.277546
273 19.473780 -19.473780 45.516294
687 20.376743 -20.376743 41.334529
663 22.130759 -22.130759 45.748849
496 51.350925 38.510972 38.510972
342 46.438388 -24.358221 24.358221
2095 42.475581 -25.016026 25.016026
284 48.775697 36.055162 36.055162
40 83.333333 -16.666667 83.333333
1817 52.996232 -7.520416 92.479584
593 71.854776 25.155739 25.155739
203 70.833333 29.166667 29.166667
2506 31.832679 -19.381792 19.381792
347 32.220832 -17.015053 17.015053
4 25.543404 -25.543404 55.064596
563 25.690832 -25.690832 51.701049
428 62.882867 -37.117133 44.444034
633 58.974597 -41.025403 45.903352
115 100.000000 0.000000 37.500000
2243 44.807449 28.623993 28.623993
278 59.726002 -40.273998 49.829169
737 37.285772 8.942877 8.942877
113 62.410422 34.047728 34.047728
32 82.831883 -4.915422 4.915422
418 89.703395 -4.678281 4.678281
678 85.214285 -7.336403 7.336403
246 79.669905 17.434394 17.434394
685 83.333333 16.666667 16.666667
344 74.667783 -25.332217 55.895682
11 92.993900 7.006100 84.573882
664 88.235294 11.764706 88.235294
642 91.176471 8.823529 91.176471
425 15.384615 0.000000 0.000000
112 100.000000 0.000000 68.750000
2657 96.408639 -3.591361 66.938362
2652 94.136854 -5.863146 65.129537
2632 54.863261 45.136739 49.161507
2130 58.333333 41.666667 41.666667
304 51.460481 -18.784034 18.784034
560 54.724428 -15.500869 15.500869
707 56.378763 -17.974883 17.974883
228 52.840175 7.586627 7.586627
2643 54.064786 5.398157 5.398157
1723 75.000000 -25.000000 75.000000
249 58.197338 -12.158531 12.158531
696 64.042823 -10.027910 10.027910
2589 15.982565 -15.982565 50.380662
215 43.532468 -30.034285 69.965715
699 30.769231 -30.769231 69.230769
2619 17.833675 -17.833675 60.887724
2610 13.523420 -13.523420 60.714647
24 21.199842 -3.121974 3.121974
531 15.052195 -3.408890 3.408890
56 0.000000 0.000000 29.411765
259 4.069352 4.069352 32.410757
2225 78.200412 13.396947 13.396947
567 19.053044 -19.053044 57.505218
2625 17.915308 -17.915308 57.824513
2623 17.972408 -17.972408 56.623828
700 100.000000 0.000000 6.250000
2685 97.807000 2.193000 4.860852
168 71.622573 -14.419890 14.419890
2644 74.795358 -15.029043 15.029043
138 47.445149 23.210348 76.789652
619 45.867551 26.510941 73.489059
120 93.333333 -6.666667 6.666667
337 74.845101 25.154899 33.754235
311 91.883681 8.116319 20.104929
607 100.000000 0.000000 18.750000
660 94.955670 5.044330 14.576334
308 29.476176 -29.476176 36.635488
282 33.851138 -24.529500 24.529500
2507 30.979475 -23.399055 23.399055
462 31.574175 -21.360396 21.360396
536 22.518021 22.518021 29.121126
594 61.630693 30.677509 30.677509
2031 65.458584 30.305935 30.305935
157 16.497542 12.286332 12.286332
2433 18.358562 15.470443 15.470443
513 20.602495 14.996339 14.996339
280 22.874591 18.251361 18.251361
2485 16.331441 16.331441 76.032027
2497 11.957867 11.957867 74.974267
583 0.000000 0.000000 88.235294
2360 87.055673 12.944327 79.096229
682 24.852757 5.972756 5.972756
2426 22.777098 7.431230 7.431230
102 64.705882 35.294118 64.705882
1579 65.590483 31.881016 68.118984
2033 67.647059 32.352941 67.647059
499 46.037784 -17.718317 17.718317
480 39.366047 -39.366047 54.465913
676 94.754174 5.245826 70.261638
2612 7.636873 -7.636873 71.967699
367 22.727273 22.727273 22.727273
673 16.437473 16.437473 21.775609
13 57.178660 -38.578352 38.578352
207 53.444573 -41.225247 41.225247
360 53.674821 -36.378139 36.378139
370 5.000000 5.000000 95.000000
2056 10.228171 4.763806 95.236194
2218 70.754371 29.245629 35.692487
617 73.183345 26.816655 40.211542
591 84.590595 -15.409405 28.614997
135 77.777778 -22.222222 77.777778
464 64.927052 -23.146455 76.853545
679 16.539917 -16.539917 76.017503
199 35.000000 35.000000 65.000000
451 40.000000 40.000000 60.000000
33 20.000000 -20.000000 20.000000
506 54.718833 12.492499 87.507501
727 60.386887 13.032231 86.967769
384 35.593391 1.375534 98.624466
106 41.095269 -28.290584 28.290584
630 44.990419 -27.299504 27.299504
741 68.918291 27.447903 27.447903
2534 67.834743 29.833514 29.833514
335 96.926881 3.073119 81.195684
1437 3.854978 -3.854978 44.936675
2312 1.862074 -1.862074 44.467446
652 71.076470 28.923530 61.133597
2441 77.087220 22.912780 56.785328
540 27.850281 -3.172771 96.827229
2427 15.599882 -2.395733 97.604267
509 67.216078 32.783922 52.721845
69 75.135190 -24.864810 63.232594
1465 69.444444 -30.555556 69.444444
158 66.933018 20.164710 20.164710
645 63.492476 22.652281 22.652281
610 34.368288 22.666670 22.666670
30 100.000000 0.000000 25.000000
277 97.824826 -2.175174 18.010226
27 74.590336 -25.409664 45.038552
620 75.438706 -24.561294 38.428545
252 77.928628 -22.071372 39.918675
611 65.138163 24.829091 75.170909
2464 71.612770 -16.868101 83.131899
2468 73.705015 -15.417816 84.582184
2508 68.073056 -15.515245 84.484755
179 21.063024 -21.063024 71.267331
413 64.053809 -35.946191 56.899046
2604 61.111111 -38.888889 61.111111
521 7.941154 7.941154 29.485851
301 22.818214 -22.818214 37.137661
1674 68.247129 27.798537 72.201463
6 53.106546 -24.896087 75.103913
545 57.172105 -29.257349 70.742651
275 72.222222 -27.777778 72.222222
53 27.272727 27.272727 27.272727
554 31.818182 31.818182 31.818182
414 31.836993 26.161733 26.161733
19 90.128922 -9.871078 17.136002
665 87.958049 -12.041951 21.928527
201 50.017254 -17.851101 82.148899
539 37.179044 -20.683563 79.316437
200 84.476638 -15.523362 56.425429
2172 80.761744 -19.238256 43.690378
596 46.580409 -2.796307 97.203693
89 87.500000 12.500000 12.500000
694 81.211143 14.234757 14.234757
667 3.447507 3.447507 27.817373
546 98.352179 -1.647821 11.618685
1826 96.229467 -3.770533 13.776716
624 73.131745 17.153297 82.846703
2371 73.537972 18.632297 81.367703
221 61.516991 16.895903 83.104097
526 60.922569 15.210369 84.789631
110 100.000000 0.000000 81.250000
2473 91.666667 -8.333333 91.666667
2659 92.168842 -7.831158 85.018228
2708 71.087434 -28.912566 47.248982
2709 71.994130 -28.005870 48.861566
90 55.567041 18.666983 18.666983
302 52.941453 21.255924 21.255924
2158 20.970061 13.296320 13.296320
241 43.166727 -12.285809 12.285809
517 39.865567 -14.050690 14.050690
615 38.373860 -10.372148 10.372148
1524 70.986302 8.494919 8.494919
2486 1.940008 -1.940008 67.851080
211 62.362183 25.249973 74.750027
109 17.144703 -17.144703 38.740722
734 16.669267 -16.669267 43.569569
14 0.000000 0.000000 52.941176
283 0.000000 0.000000 47.058824
324 2.577079 -2.577079 48.971963
490 24.196459 -24.196459 66.968741
189 41.552802 8.159540 91.840460
58 22.222222 0.000000 100.000000
222 21.974799 2.842482 97.157518
234 85.294118 14.705882 85.294118
2560 83.869086 13.162653 86.837347
2566 79.286761 12.533260 87.466740
2561 80.831953 13.254552 86.745448
547 13.636364 13.636364 13.636364
130 82.430589 -8.840901 91.159099
334 66.217069 -7.870410 92.129590
431 70.210209 -10.689057 89.310943
265 64.956707 -7.038908 7.038908
422 59.471226 -8.538541 8.538541
1658 60.912240 -5.966790 5.966790
210 38.076598 -3.675919 96.324081
537 35.417881 -1.607499 98.392501
73 68.018220 -10.995931 10.995931
410 17.985338 5.175311 94.824689
171 5.702994 5.702994 87.248232
224 88.588307 -11.411693 34.715512
2146 90.371405 -9.628595 38.583340
2562 87.365150 -12.634850 39.178014
2563 86.294680 -13.705320 36.686512
698 30.000000 30.000000 70.000000
549 55.555556 0.000000 100.000000
640 86.319012 2.517478 97.482522
2355 88.888889 0.000000 100.000000
329 57.127243 34.726842 65.273158
584 53.185814 32.365089 67.634911
2279 56.467034 30.067556 69.932444
192 13.772401 13.772401 39.401115
515 10.827066 10.827066 43.194198
1596 59.565516 18.724742 81.275258
538 89.099139 10.900861 72.639298
534 92.365409 7.634591 28.188226
558 68.982368 22.703672 77.296328
239 75.886739 21.597032 78.402968
2404 63.979682 17.937856 82.062144
136 65.030848 -34.969152 49.309026
467 68.822322 -31.177678 47.442848
656 69.104507 -30.895493 52.064342
2438 37.944456 18.521436 18.521436
306 9.580981 -9.580981 20.522926
484 8.745317 -8.745317 25.173051
681 6.425350 -6.425350 20.734863
586 34.751805 34.751805 55.294127
661 86.666667 -13.333333 13.333333
2564 82.325745 -16.063771 16.063771
2474 82.392316 -14.751010 14.751010
2699 85.214285 -14.785715 17.547944
2700 84.551448 -15.448552 16.672468
2590 10.651295 -10.651295 47.233106
368 86.111111 -13.888889 86.111111
2663 88.888889 -11.111111 88.888889
1931 56.479681 -6.637219 6.637219
21 85.585398 5.423260 5.423260
401 80.784467 9.293947 9.293947
609 52.068976 25.089888 25.089888
1951 56.052416 23.304768 23.304768
603 66.418100 19.063280 80.936720
247 56.110399 8.406413 91.593587
561 21.252158 -6.427196 6.427196
402 27.435530 -12.838838 12.838838
218 11.483455 11.483455 21.330094
544 82.352941 17.647059 82.352941
2509 51.511062 -21.604912 78.395088
2510 58.417484 -20.375178 79.624822
18 24.311718 15.677239 15.677239
2649 27.416938 15.512970 15.512970
124 32.655589 -32.655589 41.704518
427 29.030313 -29.030313 44.728793
2536 38.187297 24.153237 75.846763
359 41.334386 23.085422 76.914578
319 97.031381 2.968619 31.463802
712 100.000000 0.000000 31.250000
522 73.882032 5.715921 5.715921
437 37.788644 -37.788644 44.268867
76 68.243408 31.756592 41.996659
411 66.666667 33.333333 33.333333
1753 43.627269 21.325420 78.674580
2645 50.876201 2.516834 2.516834
338 53.846154 0.000000 0.000000
542 92.609361 -7.390639 31.528214
704 73.194242 -26.805758 51.094390
170 38.922458 11.337611 11.337611
2011 46.153846 0.000000 0.000000
150 40.462976 13.020125 86.979875
613 9.858941 9.858941 25.067388
2364 36.666667 -36.666667 36.666667
227 58.885354 11.328948 88.671052
715 55.089996 10.319504 89.680496
97 0.000000 0.000000 100.000000
1981 12.767812 2.004448 97.995552
281 93.786307 6.213693 42.780870
2629 33.333333 0.000000 100.000000
39 49.700766 -27.330188 27.330188
380 51.167885 -22.930967 22.930967
333 92.752447 -7.247553 77.330124
651 44.746785 -14.747974 14.747974
2345 95.211279 -4.788721 80.131842
2660 91.135106 -8.864894 82.060857
2661 89.431849 -10.568151 81.712980
121 66.666667 0.000000 100.000000
1919 77.777778 0.000000 100.000000
504 49.280313 20.119258 20.119258
243 29.780099 -3.154927 3.154927
2207 25.298005 -3.034532 3.034532
371 23.076923 0.000000 0.000000
94 14.469764 -14.469764 81.073682
163 60.233310 -15.758432 15.758432
697 82.970216 17.029784 58.210585
279 63.636026 36.363974 45.572540
154 55.278049 26.845191 26.845191
535 59.124527 24.886167 24.886167
2052 26.278468 21.194269 21.194269
9 88.348937 11.651063 49.738263
2517 59.177781 -19.124413 80.875587
2511 61.822115 -18.122364 81.877636
2465 69.324400 -18.257238 81.742762
2521 64.819868 -17.306124 82.693876
403 56.666667 -43.333333 43.333333
691 62.500000 37.500000 37.500000
202 84.102161 11.032791 88.967209
131 48.276935 41.497792 41.497792
1781 45.915953 37.351880 37.351880
37 73.333333 -26.666667 26.666667
2060 4.256997 4.256997 12.957964
2122 7.352248 7.352248 14.408198
430 85.519197 -9.721403 9.721403
1516 60.621585 -39.378415 54.610783
152 7.692308 0.000000 0.000000
491 8.867837 -3.937026 3.937026
350 0.000000 0.000000 0.000000
134 36.363636 36.363636 36.363636
2344 30.473878 30.473878 35.548308
638 32.293089 -27.633029 27.633029
326 81.554893 4.115210 4.115210
605 27.734880 23.671035 23.671035
2347 83.194913 9.213667 90.786333
468 87.966994 8.346903 91.653097
186 93.952342 -6.047658 15.569542
122 55.620705 -20.986665 20.986665
710 28.496964 -28.496964 31.999444
2267 80.569525 -19.430475 60.983941
229 64.961993 28.892955 71.107045
2265 61.218377 31.181501 68.818499
2693 48.058495 -46.025996 53.974004
144 56.533186 -31.765157 31.765157
568 54.764176 -28.206840 28.206840
486 59.441810 -27.925746 27.925746
114 25.240861 -25.240861 32.783032
208 20.706971 -20.706971 32.227102
524 5.049342 5.049342 50.209688
233 3.846154 -3.846154 96.153846
2389 62.748667 14.609093 14.609093
288 23.721026 -19.918588 19.918588
2487 23.418467 -18.159447 18.159447
475 22.617426 -16.233109 16.233109
2514 73.733292 -19.795198 80.204802
2522 74.554457 -18.903077 81.096923
2402 66.454272 -20.149010 79.850990
648 81.004250 6.768396 6.768396
2630 70.195005 8.131787 91.868213
378 74.780305 21.654877 21.654877
328 61.139116 -16.046296 83.953704
736 5.603501 5.603501 45.203682
145 76.092241 8.241169 8.241169
64 27.869801 -27.869801 66.927483
44 49.559168 -15.358917 15.358917
1846 26.012903 -13.232300 86.767700
2326 38.889383 -14.539846 85.460154
264 96.713406 -3.286594 30.031617
2546 30.461791 -14.698157 14.698157
2544 28.793055 -15.617714 15.617714
494 54.713278 3.415259 3.415259
2614 8.049180 -8.049180 66.118143
2617 9.993238 -9.993238 64.444170
1759 61.887313 38.112687 53.977527
2694 49.053159 -44.446221 55.553779
471 55.555556 -44.444444 55.555556
2697 47.453420 -41.493847 58.506153
2695 46.566273 -42.230749 57.769251
339 34.166074 3.086281 3.086281
1776 28.821982 1.625540 1.625540
532 27.275700 3.415879 3.415879
133 80.000000 -20.000000 20.000000
2701 81.329548 -17.641261 17.641261
2565 83.333333 -16.666667 16.666667
2678 71.774191 23.069046 23.069046
495 95.642565 -4.357435 24.880978
2545 68.314300 18.522910 18.522910
1937 6.683744 -6.683744 34.652730
93 92.158229 -7.841771 25.170610
472 11.111111 0.000000 100.000000
2555 84.827814 -12.932515 12.932515
1924 44.979399 -9.826340 9.826340
2605 61.029960 -38.970040 57.738568
184 41.983437 -16.642219 16.642219
444 51.339718 -32.016849 32.016849
2633 56.709402 40.918645 40.918645
2686 94.823754 2.201923 2.201923
2515 45.418992 -22.677086 77.322914
2512 39.879315 -23.523782 76.476218
177 100.000000 0.000000 12.500000
2400 95.394667 4.605333 9.026741
1962 6.666667 -6.666667 6.666667
209 70.116338 23.236802 76.763198
658 94.549569 -5.450431 19.545201
683 79.523815 -7.972410 7.972410
388 25.518165 -25.518165 47.309964
2079 54.257536 -23.043605 23.043605
2516 31.469942 -24.993330 24.993330
2530 36.827080 14.240797 85.759203
362 40.257071 15.732710 84.267290
530 3.718069 -3.718069 55.704711
2488 7.215769 -7.215769 54.889127
2489 6.647333 -6.647333 57.971994
1615 69.459941 -8.523892 8.523892
83 18.181818 18.181818 18.181818
482 12.159014 12.159014 17.145544
1956 61.764706 38.235294 61.764706
2639 58.823529 41.176471 58.823529
2640 57.568601 38.130044 61.869956
146 58.597532 -10.419131 89.580869
2467 78.118482 -12.213102 87.786898
2527 81.901490 -12.698655 87.301345
2616 11.683558 -11.683558 63.521590
695 7.895179 2.534057 2.534057
2568 87.029374 -12.970626 29.486638
2569 87.292402 -12.707598 32.608766
327 0.000000 0.000000 94.117647
2689 2.249318 -2.249318 95.152761
2696 92.401102 -1.273504 98.726496
2599 20.872901 -20.872901 57.994121
2600 20.029763 -20.029763 56.328206
2601 21.758762 -21.758762 59.618280
541 45.656218 19.637161 80.362839
287 5.018361 -5.018361 9.974045
314 97.222222 -2.777778 97.222222
2316 84.329398 -4.763194 95.236806
477 78.408487 -21.591513 43.300739
2570 86.708642 -13.291358 34.607183
125 52.558924 38.381569 61.618431
182 22.183018 -22.183018 50.138066
240 83.493296 -2.316238 97.683762
479 74.171486 -5.117861 94.882139
2680 3.984368 3.984368 94.096656
2490 25.865090 16.829979 83.170021
2483 21.629425 15.865709 84.134291
231 40.073322 19.368751 80.631249
1749 42.160637 17.738908 82.261092
80 66.058696 -33.941304 39.771968
647 67.072742 -32.927258 43.427692
65 83.036688 -12.531158 12.531158
263 90.000000 -10.000000 10.000000
2484 21.979213 18.316230 81.683770
105 30.769231 0.000000 0.000000
2425 22.999273 22.999273 26.232029
2557 75.333668 12.723657 87.276343
670 2.289664 2.289664 4.994791
159 22.998050 -22.998050 61.970391
1739 26.563821 -26.563821 63.081137
2083 59.739155 29.513311 29.513311
523 37.524845 -16.934972 16.934972
447 3.382044 -3.382044 20.108815
2466 75.701496 -13.933351 86.066649
2523 78.158313 -15.264103 84.735897
1989 6.971561 -6.971561 16.427912
2641 58.731632 41.268368 52.587519
2038 43.657928 14.811705 85.188295
474 91.489985 -8.510015 19.863137
435 75.616489 19.462168 80.537832
162 29.143527 -29.143527 49.440560
533 33.478682 -33.478682 47.210456
1834 9.488126 -9.488126 15.174805
416 36.348050 -28.530274 28.530274
2179 77.745189 -22.254811 48.617919
299 9.080072 9.080072 35.520788
336 36.225790 -36.225790 50.966066
123 12.474330 -12.474330 14.883125
580 64.749201 15.750016 84.249984
1839 46.985356 41.870541 58.129459
2547 63.756722 15.640263 15.640263
2374 37.277036 -37.277036 47.837566
576 35.270273 19.468058 80.531942
2537 38.030366 20.561223 79.438777
2535 36.661782 21.943998 78.056002
2432 25.542231 -25.542231 60.126786
2280 26.818201 -26.818201 57.565022
2658 97.222222 -2.777778 90.972222
2642 64.483223 12.229346 87.770654
2650 28.235625 13.891382 13.891382
1899 91.138087 -8.861913 12.572146
196 36.194481 29.782249 29.782249
2538 66.772918 21.926676 21.926676
688 47.835845 31.188150 68.811850
562 33.970666 23.974073 76.025927
460 63.256484 27.278011 72.721989
147 11.157137 11.157137 49.311814
439 16.303040 -16.303040 33.190707
2493 25.780337 -20.253748 20.253748
38 91.423678 -8.576322 43.711142
2513 80.008626 -14.189466 85.810534
450 72.051603 23.177280 76.822720
641 80.867185 -19.132815 23.606212
595 89.476510 -10.523490 29.816552
1626 19.469934 -19.469934 36.526144
2491 20.770344 18.968065 81.031935
204 26.102163 22.556030 77.443970
2609 16.955649 -16.955649 65.462871
548 26.394130 19.191347 80.808653
2476 29.194795 18.238242 81.761758
2494 30.550740 20.555501 79.444499
2495 29.437485 21.977740 78.022260
417 8.486073 8.486073 56.532942
2579 88.303195 -11.696805 40.963629
1460 10.066750 10.066750 39.596800
92 55.290562 -44.709438 49.152265
654 52.777778 -47.222222 52.777778
2613 3.182971 -3.182971 76.050082
599 4.331469 -4.331469 70.264392
2618 5.346939 -5.346939 73.888933
631 3.333333 -3.333333 3.333333
2662 100.000000 0.000000 87.500000
2574 83.896744 -16.103256 22.933790
2578 86.121448 -13.878552 24.940227
2575 84.853872 -15.146128 24.757627
2704 86.228552 -13.771448 23.327991
2655 87.728731 -12.271269 81.349826
2496 30.169723 23.611746 76.388254
646 14.199924 14.199924 62.725883
2492 31.168577 25.939143 74.060857
2548 68.969010 19.472419 19.472419
2634 38.492607 28.744726 28.744726
2323 40.839461 27.631023 27.631023
156 33.177705 20.421973 79.578027
2502 31.595396 18.902802 81.097198
2501 33.065416 18.579752 81.420248
190 5.227031 5.227031 24.249079
2673 92.315593 -7.684407 60.138416
2671 93.261025 -6.738975 57.896867
573 26.250694 -15.206515 15.206515
2576 83.982779 -16.017221 20.358280
2551 82.991505 -17.008495 19.141928
2687 2.087924 -2.087924 4.797433
87 84.400303 15.599697 76.515246
2299 79.411765 20.588235 79.411765
2615 7.721351 -7.721351 69.028438
2469 25.290828 -19.043357 19.043357
2472 16.729206 -16.729206 57.917031
2611 17.906575 -17.906575 59.251975
2621 16.385660 -16.385660 55.273777
355 55.882353 44.117647 55.882353
1885 87.923078 -3.525592 3.525592
2295 12.883524 -12.883524 19.240820
2707 67.962947 -32.037053 45.754292
2607 77.299036 -21.629053 21.629053
2606 77.549459 -20.636630 20.636630
2602 76.932876 -19.512028 19.512028
191 27.596430 -18.330009 18.330009
2549 24.778601 -15.803129 15.803129
2684 52.992776 47.007224 49.484004
2591 17.148768 -17.148768 51.531225
2690 7.639287 -1.560472 98.439528
1915 14.700221 14.700221 70.519766
2681 4.921841 4.921841 91.365634
739 36.306804 26.196573 26.196573
217 14.746453 -14.746453 47.576450
578 25.000000 25.000000 75.000000
2573 88.395721 -11.604279 45.576590
2540 39.091333 17.300470 82.699530
2646 81.156785 -11.729956 11.729956
2647 79.792841 -13.313542 13.313542
256 89.181386 -10.818614 25.389576
2651 27.710703 12.303532 12.303532
1965 65.347372 -13.387664 86.612336
2592 20.302303 -20.302303 48.091774
553 17.889828 -17.889828 48.836746
2593 19.834128 -19.834128 50.218916
2577 88.995038 -11.004962 42.487977
1771 94.574766 -5.425234 7.668540
2348 100.000000 0.000000 75.000000
557 52.941176 47.058824 52.941176
2533 66.975749 28.067575 28.067575
2541 67.296842 28.913731 28.913731
2539 36.812065 18.939886 81.060114
2087 53.333333 -46.666667 46.666667
2635 31.872659 23.148940 23.148940
2581 82.043400 -14.047075 14.047075
2572 86.976170 -13.023830 26.071993
2208 9.338838 -9.338838 52.783982
2596 8.067981 -8.067981 57.319916
2594 9.036490 -9.036490 56.045114
2636 33.596186 24.543479 24.543479
2528 78.043097 -16.113216 83.886784
2518 76.975725 -17.104279 82.895721
2519 74.604582 -18.115428 81.884572
2520 66.993842 -16.798601 83.201399
2526 75.885595 -11.071860 88.928140
2524 72.783099 -12.544379 87.455621
2525 71.435441 -13.971240 86.028760
2698 82.838640 -14.360919 85.639081
2529 69.640221 -14.572991 85.427009
2498 24.730788 -17.941481 17.941481
2499 26.497924 -19.656871 19.656871
2620 15.192916 -15.192916 58.702807
2471 17.203116 -17.203116 56.063299
2622 15.966941 -15.966941 56.692780
2624 15.481157 -15.481157 57.504483
2664 94.444444 -5.555556 94.444444
2580 80.573489 -16.155751 16.155751
385 79.659114 -17.834606 17.834606
2503 27.296821 16.512514 83.487486
2504 31.129659 19.529629 80.470371
2595 6.132573 -6.132573 52.742990
2705 85.536222 -14.463778 18.767948
2668 87.217868 -12.782132 57.424317
2669 88.263368 -11.736632 59.215156
2567 77.224024 12.727174 87.272826
2674 87.788517 -12.211483 62.760602
2675 92.438225 -7.561775 61.449735
2706 78.535362 -19.495816 19.495816
