216 20.781591 41.563181 68.919179
1954 22.864748 45.729496 69.597864
864 22.874784 45.749568 66.056874
85 35.375843 12.378822 6.189411
1894 37.704918 0.000000 0.000000
1912 36.065574 0.000000 0.000000
924 39.640533 0.000000 12.054600
1895 39.344262 0.000000 0.000000
649 10.987706 21.975413 21.269289
650 9.990168 19.980336 20.952282
97 10.918267 21.836533 22.887883
256 80.120708 39.758585 74.591996
667 81.649780 36.700440 72.674563
1292 78.716326 42.567349 71.216675
214 16.902373 33.804746 69.804903
1972 16.555834 33.111669 71.134044
1964 17.320504 34.641008 71.172664
431 14.863533 29.727065 72.355475
1955 15.873927 31.747855 71.024226
1956 15.137037 30.274074 70.916461
962 96.879018 6.241963 9.912616
798 100.000000 0.000000 0.000000
2540 97.335998 5.328004 6.823486
1212 90.484366 0.000000 5.702539
1291 93.075395 0.000000 4.635673
75 93.364055 0.000000 12.368568
1317 58.335006 83.329987 46.525850
1319 57.690144 84.619712 49.093866
1504 60.491336 79.017327 49.757745
107 15.208336 16.246390 8.123195
2088 16.216216 32.432432 16.216216
2089 17.567568 35.135135 17.567568
2120 14.864865 29.729730 14.864865
2765 14.701573 21.910164 10.955082
1426 66.250517 67.498965 44.813146
853 68.646844 62.706313 42.026166
2041 66.002180 67.995640 41.620334
1386 13.964900 9.982795 95.008602
566 11.755990 6.567543 96.716229
2339 15.625000 0.000000 100.000000
249 8.306416 0.000000 63.509100
40 11.543885 0.000000 71.111038
1070 7.384775 0.000000 70.702088
66 96.764439 0.000000 72.425976
2834 96.820232 0.000000 69.807066
2827 98.251865 0.000000 69.472949
796 21.027866 0.000000 7.245666
103 17.787698 0.000000 5.139816
1896 21.311475 0.000000 0.000000
795 24.324324 48.648649 24.324324
2767 24.355156 24.511890 12.255945
2771 23.498152 22.968721 11.484360
179 11.284968 22.569936 80.567671
181 10.314391 20.628781 80.898162
1433 10.338128 20.676255 82.353974
115 91.726542 6.584025 3.292013
2541 93.939394 12.121212 6.060606
89 95.446959 4.331541 2.165771
1488 37.882995 20.034679 89.982660
357 36.220708 42.907813 78.546094
621 35.790546 22.730000 88.635000
541 85.971671 28.056657 84.915752
542 86.956522 26.086957 86.956522
1404 87.505475 24.989051 86.095275
1406 16.179143 32.358285 30.834581
1194 16.895425 33.790849 29.664615
1239 15.721455 31.442909 29.038200
751 97.469775 0.000000 35.220876
343 94.126404 0.000000 28.563308
991 96.671540 0.000000 28.337305
896 91.390818 17.218363 29.398801
646 90.333350 19.333301 30.530318
1087 90.990662 18.018676 31.838704
1016 9.520771 19.041541 23.194979
98 8.743281 17.486563 23.208615
965 9.334577 18.669155 24.446670
143 52.831121 0.000000 24.487850
2319 52.121903 0.000000 37.469804
2293 51.360089 0.000000 33.604885
1332 89.914404 20.171191 15.164350
260 89.525203 20.949594 14.151143
1306 88.177152 23.645696 16.816461
738 52.600092 73.772342 36.886171
645 50.348053 73.918119 36.959060
2504 51.259722 81.889819 40.944910
737 51.914009 88.307737 44.153868
639 50.313161 90.361899 45.180950
1510 77.297882 0.000000 65.336125
288 79.836764 0.000000 60.405443
1077 79.960666 0.000000 70.282432
631 43.144629 0.000000 51.173408
2232 44.004169 0.000000 36.364444
72 45.378284 0.000000 43.690022
233 95.348082 0.000000 50.110331
1494 100.000000 0.000000 52.380952
1454 100.000000 0.000000 57.142857
1280 96.730810 6.538380 6.792659
2542 97.413412 5.173177 4.243961
1281 95.258505 9.482991 8.036045
173 12.166573 24.333146 78.943916
504 13.114680 26.229361 78.603021
506 12.972952 25.945904 77.416671
284 50.194748 50.651467 74.674266
1203 47.777278 61.009298 69.495351
1200 47.511182 37.331736 81.334132
1482 82.169685 35.660629 65.897525
1403 80.619973 38.760054 67.848239
668 82.588381 34.823239 69.734608
605 6.909842 0.000000 77.522578
266 3.434446 0.000000 78.343649
269 3.097599 0.000000 70.787119
984 8.958023 6.557546 96.721227
2377 7.679645 4.777732 97.611134
2355 9.375000 0.000000 100.000000
1012 9.444853 18.889707 37.978277
1024 8.095629 16.191258 39.631480
10 9.666928 19.333855 41.716900
522 5.061090 0.000000 91.456883
1465 3.667189 0.000000 85.041136
518 7.309264 0.000000 90.347551
471 8.635457 0.000000 39.366967
1258 4.349327 0.000000 47.547827
1491 3.861542 0.000000 40.128881
418 26.000000 52.000000 74.000000
37 27.875404 25.366805 87.316597
36 29.552601 26.929734 86.535133
1106 4.439661 8.879323 27.650727
1208 4.856369 9.712739 25.588263
1266 3.818834 7.637668 24.163078
1178 22.686148 45.372295 49.339048
1177 24.729930 49.459860 47.950109
2431 23.570506 47.141013 46.637749
863 21.121155 42.242309 41.871797
2430 22.018670 44.037339 45.780027
1175 23.948130 47.896259 44.033347
208 81.887435 9.596420 95.201790
1267 84.512909 7.869261 96.065370
1068 83.564829 20.438125 89.780937
1195 16.577750 33.155500 32.748129
1141 15.382425 30.764850 31.891989
194 75.175703 49.648593 35.484322
2151 75.642407 48.715185 32.528996
2090 73.068539 53.862923 33.293701
198 70.811824 58.376353 36.444964
2091 70.141100 59.717801 33.812579
2190 68.857137 62.285726 34.733335
1111 29.326128 58.652257 51.650598
1110 30.558643 61.117285 54.909743
1115 32.000516 64.001031 51.336502
698 69.345923 61.308154 52.962174
695 72.129156 55.741687 54.226405
697 71.042174 57.915651 50.446875
46 94.248928 11.502144 74.079988
42 94.686836 10.626327 76.800521
45 95.240657 9.518686 75.387355
145 10.464024 20.928049 69.774961
1025 9.416953 18.833907 71.423057
196 10.278738 20.557476 71.965924
294 2.659124 5.318247 89.489262
31 4.080618 8.161236 84.012576
455 2.739629 5.479257 85.231317
919 66.410046 19.980509 90.009746
1957 62.500000 0.000000 100.000000
1958 64.062500 0.000000 100.000000
881 61.114934 0.000000 90.615718
1984 60.937500 0.000000 100.000000
562 12.596097 25.192194 86.109298
560 14.000000 28.000000 86.000000
693 13.882768 27.765535 84.584207
70 96.051907 0.000000 3.277629
2294 97.558478 0.000000 6.906175
1293 96.217601 0.000000 11.100973
79 98.988494 0.000000 5.450156
1295 98.577162 0.000000 11.123904
1351 26.562500 0.000000 100.000000
2362 24.696987 0.000000 97.035862
2385 25.043293 0.000000 96.128925
2488 29.663930 59.327860 49.271065
2501 29.052040 58.104080 49.623292
1271 25.099385 50.198769 51.681610
2432 27.376881 54.753763 51.186365
1251 26.923836 53.847673 48.232387
377 10.624126 21.248251 84.676042
1428 11.617031 23.234061 83.917514
378 11.517983 23.035967 82.965173
1472 37.311941 57.743649 71.128176
429 38.000000 76.000000 62.000000
436 36.000000 72.000000 64.000000
408 40.172293 62.747531 31.373765
2622 39.189189 78.378378 39.189189
2640 40.815534 68.502091 34.251045
936 13.986850 27.973699 81.030895
862 15.240744 30.481488 79.506942
851 14.188095 28.376190 79.557198
1131 26.514276 53.028553 42.630872
2650 27.425756 54.851511 40.840512
2643 26.686929 53.373858 39.771194
1227 30.562296 61.124593 38.339322
2646 30.937896 61.875792 40.855701
2632 31.921388 63.842775 40.126058
161 48.063073 0.000000 79.501743
2234 48.536178 0.000000 66.902526
157 50.145770 0.000000 64.261556
1318 87.174474 7.084574 96.457713
135 85.838626 17.965704 91.017148
993 100.000000 0.000000 47.619048
2195 98.608491 2.783018 49.615048
2198 98.591497 2.817005 45.876211
2208 98.660383 2.679234 47.505988
413 27.342321 0.000000 64.952097
1153 29.703371 0.000000 60.151241
2235 29.774312 0.000000 71.708209
412 31.827924 0.000000 80.337161
2236 31.200775 0.000000 68.709476
2267 32.497259 0.000000 71.787333
451 9.201243 18.402487 21.092532
96 10.045968 20.091937 22.466078
1342 83.171044 33.657913 19.277762
802 84.843611 30.312779 17.073077
555 83.244703 33.510593 17.792899
50 91.899845 16.200310 83.173471
52 92.131140 15.737720 84.879258
53 92.997806 14.004388 85.283933
1081 87.369385 25.261230 76.229209
236 88.605005 22.789989 78.058377
943 88.484785 23.030431 76.222548
1022 78.887044 42.225912 53.043784
445 80.727188 38.545624 55.541801
1180 81.400592 37.198816 52.538914
815 90.017381 19.965238 24.968033
1004 90.824383 18.351234 22.524099
300 89.473588 21.052824 23.909504
1331 86.889279 26.221443 21.292537
162 85.691372 28.617257 23.558593
1250 87.069466 25.861069 22.965480
144 1.024652 2.049303 26.214648
136 1.162197 2.324393 21.251048
1185 0.000000 0.000000 21.052632
132 84.353118 31.293764 69.063694
133 86.363476 27.273047 69.171239
134 84.638177 30.723646 65.950751
443 78.885576 42.228847 57.451743
444 77.910162 44.179677 61.069318
438 80.516521 38.966958 61.693456
1027 15.269245 30.538491 83.462601
945 16.000000 32.000000 84.000000
653 5.886945 11.773889 33.280881
409 5.436227 10.872453 36.192552
1147 6.562299 13.124597 36.302998
570 10.910135 21.820269 15.868381
575 11.718302 23.436603 17.552889
1233 11.910075 23.820150 16.428365
467 13.028338 0.000000 44.833854
468 13.199616 0.000000 32.960640
16 0.000000 0.000000 42.105263
1132 3.281136 0.000000 32.637958
204 79.505445 0.000000 91.454736
1899 79.687500 0.000000 100.000000
1900 78.125000 0.000000 100.000000
494 8.075972 16.151945 48.736963
492 6.378095 12.756190 53.768749
493 8.682563 17.365127 54.613919
1387 55.218017 62.092025 68.953987
1260 56.521739 86.956522 56.521739
1254 53.222945 68.131388 65.934306
916 69.565217 60.869565 69.565217
2725 68.106915 41.199284 79.400358
2724 69.289813 40.048648 79.975676
1213 87.796999 0.000000 12.675291
351 90.568530 0.000000 12.583177
717 90.915441 0.000000 19.854069
1058 12.083268 24.166537 70.564976
2020 11.714440 23.428880 69.841222
2021 11.441319 22.882638 70.975656
636 12.547670 25.095340 68.452123
373 91.008474 0.000000 25.404179
178 1.142131 0.000000 95.858566
1240 0.000000 0.000000 89.473684
959 1.839694 0.000000 92.300034
782 54.545455 90.909091 45.454545
626 11.845484 23.690967 15.000074
1222 13.217818 26.435637 15.514530
627 11.410399 22.820798 13.106574
608 84.782609 30.434783 84.782609
1186 0.000000 0.000000 10.526316
422 1.577409 0.000000 5.148566
463 1.771858 0.000000 10.449524
112 94.008757 11.982486 30.916775
113 94.196835 11.606330 27.972224
114 93.273542 13.452915 29.587488
58 97.979359 0.000000 79.151090
57 95.633095 0.000000 82.517281
1210 96.537169 0.000000 77.091827
1371 91.737879 16.524242 78.125307
2539 92.153498 15.693004 78.220879
2506 91.770448 16.459104 77.185738
2505 92.473755 15.052490 77.229237
1881 92.299736 15.400529 77.861892
2538 92.619090 14.761820 78.231814
1455 91.975695 16.048610 76.593108
664 85.299299 29.401402 77.108520
1089 84.768591 30.462819 74.768776
663 83.661645 32.676711 75.368791
1007 92.175939 15.648121 20.425460
2729 92.963083 14.073833 19.944327
1334 93.199822 13.600357 18.504432
603 85.252171 29.495659 28.810946
2123 85.539152 28.921696 29.822820
2092 86.235269 27.529463 29.173015
1104 86.608801 26.782399 27.737849
2093 87.024322 25.951355 28.399870
629 16.246521 32.493041 20.853546
917 15.440144 30.880288 21.631700
1155 16.917191 33.834381 22.827381
2175 73.099008 53.801984 28.227235
2094 75.068018 49.863964 27.423287
2568 74.296412 51.407175 26.844364
763 77.154508 45.690984 25.536489
2543 75.481332 49.037335 25.788247
287 82.798975 0.000000 65.344247
814 90.989493 18.021014 24.294194
1413 91.683640 16.632719 22.539859
1290 93.243904 13.512191 7.990642
866 95.036683 9.926635 6.583394
2546 95.454545 9.090909 4.545455
1090 86.783183 26.433635 15.336736
577 85.700850 28.598299 15.058614
59 98.839817 0.000000 82.523491
60 98.193469 0.000000 87.977821
1282 96.866075 0.000000 85.154891
175 12.259057 24.518113 80.179560
1434 11.371932 22.743865 81.836218
659 8.267532 16.535065 35.964291
2216 7.439171 14.878342 36.756056
1160 73.807935 52.384131 68.651613
1243 76.251768 47.496464 70.392917
2418 75.468735 49.062531 68.045748
1405 78.297589 43.404822 67.008318
2420 78.499216 43.001568 69.114970
2403 79.859975 40.280050 69.680653
41 95.547305 8.905390 77.737936
44 95.325395 9.349210 79.572102
1129 29.422805 58.845609 33.432131
2689 30.102390 60.204780 35.953237
2683 31.370557 62.741114 35.320264
1228 33.045380 66.090760 37.104275
2686 33.783784 67.567568 33.783784
2687 32.658038 65.316077 34.660189
383 4.871463 9.742927 66.693047
768 4.049276 8.098552 69.407340
486 4.918364 9.836727 69.898498
475 92.802972 14.394056 9.731454
1283 91.360640 17.278720 12.409931
1278 93.199911 13.600178 10.456101
304 64.756495 0.000000 44.443658
1091 66.941327 0.000000 54.199072
302 64.367375 0.000000 62.023806
488 6.000000 12.000000 94.000000
435 5.415953 10.831905 93.387374
2342 4.000000 8.000000 96.000000
218 21.416608 42.833216 75.658884
210 20.101915 40.203830 73.341485
219 19.486228 38.972456 76.069169
692 57.008920 39.133260 80.433370
2397 56.267773 52.201295 73.899352
689 54.278381 25.015869 87.492065
1448 58.695652 82.608696 58.695652
906 73.986776 0.000000 46.865352
1511 74.532248 0.000000 59.733127
1093 71.662082 0.000000 53.500298
414 27.651304 0.000000 49.971637
1130 26.834060 53.668121 36.566711
185 26.140762 52.281524 32.334272
1382 4.940588 9.881176 33.076431
1209 5.137139 10.274279 30.502825
1263 4.175299 8.350598 30.586538
1459 12.630916 25.261832 19.543771
1440 13.476595 26.953189 21.566077
1 13.985214 27.970428 20.540020
34 27.992155 0.000000 82.128118
2344 30.518376 0.000000 90.786659
2345 29.521084 0.000000 92.785088
33 31.250000 0.000000 100.000000
32 32.812500 0.000000 100.000000
954 14.317276 28.634552 62.316952
1054 12.652492 25.304985 63.569995
951 13.472551 26.945102 65.621994
524 40.400962 0.000000 76.780552
2346 39.557518 0.000000 88.400215
666 38.369127 0.000000 75.689874
594 40.625000 0.000000 100.000000
2381 40.501348 0.000000 87.976853
2360 41.421911 0.000000 86.726647
955 15.658255 31.316509 69.400091
957 16.301513 32.603026 67.012044
950 15.109657 30.219314 67.845629
1487 9.529412 19.058823 79.211323
969 10.510705 21.021410 77.658295
968 9.749227 19.498454 77.349980
453 0.000000 0.000000 15.789474
1182 1.913426 0.000000 15.506305
491 85.747025 28.505950 21.104729
1308 84.071049 31.857901 22.093207
2749 84.728959 30.542082 22.555683
1512 95.574406 8.851187 58.209535
71 96.440463 7.119075 61.782054
2654 96.657063 6.685875 58.556632
1324 96.368982 7.262037 29.904380
316 96.415159 7.169683 26.453969
119 95.266436 9.467128 29.375121
259 8.120221 16.240441 85.283022
264 8.401335 16.802670 86.289987
375 9.340353 18.680706 84.326851
452 8.884655 17.769310 18.927702
88 32.477799 0.000000 26.079091
1167 30.395415 0.000000 29.716786
355 31.183324 0.000000 12.436726
1499 20.132256 0.000000 80.686880
2237 20.551971 0.000000 87.309595
307 17.685302 0.000000 82.677013
74 23.352057 0.000000 92.520222
558 21.148872 0.000000 93.094742
11 14.540208 29.080416 19.490312
416 28.000000 56.000000 72.000000
410 31.377703 28.211601 85.894199
1391 19.677359 12.651039 93.674480
63 96.556462 6.887076 72.264327
1064 95.875708 8.248584 74.003609
347 96.867937 6.264125 75.592199
953 15.294817 30.589635 65.134546
54 90.017690 19.964619 81.617634
370 90.316148 19.367705 83.442210
56 91.134853 17.730294 83.361918
1505 78.282751 0.000000 5.531694
762 74.580429 0.000000 4.060219
2295 75.409836 0.000000 0.000000
1088 79.375444 21.355173 10.677586
2304 78.688525 0.000000 0.000000
2305 77.049180 0.000000 0.000000
682 18.673170 37.346341 49.933388
681 17.040620 34.081241 48.670924
676 16.899630 33.799259 52.087953
997 93.154017 13.691966 44.501068
1414 92.469377 15.061246 41.919966
1003 91.644624 16.710752 44.738223
2238 3.005626 0.000000 90.901413
1873 4.882319 0.000000 95.359101
2286 3.317174 0.000000 94.179443
1109 31.170327 62.340653 58.844105
427 31.738339 63.476679 62.669407
982 33.928844 67.857688 60.338307
283 94.596084 0.000000 87.999303
1103 36.464461 72.928923 43.094099
2626 36.999119 73.998238 40.508774
2627 35.604405 71.208811 41.377979
407 38.529600 77.059199 42.065557
1036 8.974449 17.948898 25.340328
2647 9.566877 19.133753 25.629887
2648 9.179848 18.359695 24.931727
761 76.392320 25.293012 12.646506
2297 73.770492 0.000000 0.000000
971 11.305873 22.611747 77.751877
180 11.259726 22.519452 79.194198
177 12.108055 24.216109 77.702376
1052 23.633555 47.267109 61.395162
424 26.474473 52.948946 59.385671
1274 24.362327 48.724654 56.586291
1507 93.312354 13.375292 36.615602
1020 92.213783 15.572433 37.490927
1017 93.015089 13.969822 39.302460
933 67.862200 0.000000 33.245586
934 68.919012 0.000000 47.204411
828 66.774444 0.000000 41.903449
1264 2.187523 4.375046 26.271035
149 3.094750 6.189501 30.617901
142 3.372325 6.744651 26.851987
583 32.860322 40.655065 20.327532
2733 31.081081 62.162162 31.081081
2737 32.579010 54.624581 27.312290
2734 29.729730 59.459459 29.729730
1353 22.000000 44.000000 78.000000
1349 20.000000 40.000000 80.000000
2783 24.982152 21.316837 89.341582
469 16.562759 0.000000 36.328347
1372 94.334599 11.330801 82.545031
1479 95.031696 9.936609 86.006008
1245 95.769241 8.461517 85.149189
292 85.387131 0.000000 50.610766
232 88.106984 0.000000 46.116427
291 89.918578 0.000000 55.463115
966 95.755769 8.488461 15.520119
1460 95.013884 9.972232 19.473061
314 96.286620 7.426760 18.047450
1385 30.000000 60.000000 70.000000
1310 33.675955 47.097636 76.451182
1961 32.000000 64.000000 68.000000
213 17.645136 35.290271 66.918606
217 18.869128 37.738255 65.124367
868 17.281977 34.563955 64.461331
326 6.355915 12.711831 16.163775
2735 7.417892 14.835785 18.178982
1080 7.582412 15.164823 16.921266
1284 86.703478 26.593045 81.448491
1270 85.265264 29.469472 80.264639
647 86.296653 27.406694 82.442105
781 56.145037 60.419521 30.209760
1225 58.359885 66.193553 33.096776
2095 57.337324 48.332473 24.166236
2096 55.716598 48.283529 24.141764
1246 16.746758 33.493515 36.902396
2434 15.884501 31.769002 38.649323
2435 17.174986 34.349972 39.223795
1268 89.329369 7.876529 96.061736
1461 91.260760 9.763813 95.118094
1443 89.813065 14.530260 92.734870
1489 85.978534 28.042932 71.724655
106 17.713650 35.427299 22.256345
903 17.609842 35.219685 20.649803
797 76.239524 47.520953 40.247245
2022 77.032581 45.934837 37.705947
2053 75.084889 49.830223 38.338986
712 45.901639 0.000000 0.000000
1903 45.073866 0.000000 10.055432
713 44.262295 0.000000 0.000000
1394 81.960297 0.000000 24.218820
227 86.127693 0.000000 35.566446
1393 81.407489 0.000000 33.174848
611 88.246003 23.507994 25.174263
299 88.776847 22.446305 23.123684
459 88.291954 23.416093 66.641635
139 86.616672 26.766656 66.196000
138 87.844900 24.310200 69.013921
1151 11.846576 23.693151 47.072582
1146 10.398655 20.797311 50.674232
678 12.905368 25.810736 51.620113
1962 26.705272 53.410544 70.317471
1963 24.957661 49.915323 71.159155
1174 20.448664 40.897327 47.865495
1275 20.538201 41.076403 51.637812
994 92.628037 0.000000 32.604559
1286 82.417672 35.164656 40.229333
538 84.912249 30.175502 39.205128
1289 83.242271 33.515458 36.792434
777 6.341055 12.682110 39.706987
2224 7.198450 14.396901 40.011164
2217 7.127321 14.254641 38.481737
809 82.479864 35.040272 25.228407
434 81.857091 36.285818 27.457569
356 83.286056 33.427888 25.950825
1242 74.884782 50.230436 72.381842
1244 71.739130 56.521739 71.739130
2723 73.913043 52.173913 73.913043
285 82.481740 0.000000 55.439238
211 18.499950 36.999899 69.166581
481 16.126532 32.253065 72.534383
328 0.000000 0.000000 73.684211
272 0.852185 1.704370 76.645345
273 1.295106 2.590212 72.168101
1055 12.049992 24.099983 66.416931
607 83.630013 32.739973 29.272602
1322 83.313475 33.373049 27.526581
900 81.742012 36.515977 29.812374
1354 24.159120 0.000000 88.553893
2239 22.127495 0.000000 86.548978
1145 10.942432 21.884863 56.108648
1363 10.572512 21.145025 60.625268
572 11.871635 23.743269 59.131028
330 7.324349 14.648698 12.394489
150 5.091205 10.182410 8.456795
243 6.205068 12.410136 12.727217
1481 8.000000 16.000000 92.000000
1237 39.825009 79.650018 53.176721
405 40.974056 81.948113 48.203316
1500 38.047082 76.094165 50.230882
905 76.957915 0.000000 43.252064
843 72.993314 0.000000 30.881199
925 37.768568 0.000000 31.980337
83 36.292637 0.000000 13.019819
404 58.855161 82.289678 55.426544
2422 58.588816 82.822368 57.182549
2398 60.282711 79.434578 58.086260
885 62.066714 75.866572 57.549424
2399 62.066662 75.866676 59.398968
3 67.907767 64.184466 55.549641
6 66.402916 67.194167 51.754988
1398 12.740600 0.000000 62.442804
1397 16.170178 0.000000 73.182930
1474 13.677539 27.355079 24.770931
1439 12.947583 25.895167 22.579844
90 12.165568 24.331137 23.435978
417 89.848585 20.302830 32.834097
819 89.284494 21.431012 31.399370
517 11.220950 0.000000 96.771197
2347 12.500000 0.000000 100.000000
2340 10.937500 0.000000 100.000000
1223 100.000000 0.000000 76.190476
1202 100.000000 0.000000 71.428571
2655 99.314038 1.371924 74.194514
2670 99.448284 1.103432 77.358843
514 98.213684 3.572632 83.107056
2668 98.748085 2.503831 83.334650
2667 98.695528 2.608944 81.977649
2036 55.007696 67.844213 33.922107
2023 56.276345 74.241992 37.120996
428 38.794974 77.589949 57.514021
1236 37.214958 74.429915 54.623437
983 36.510027 73.020054 59.115482
2097 84.838958 30.322085 30.562907
2098 84.141609 31.716782 30.206701
228 85.960554 0.000000 26.033747
533 89.168067 21.663867 37.872552
872 90.214521 19.570958 36.940418
644 89.204899 21.590201 35.464542
1445 93.537605 0.000000 93.714173
1040 95.954624 0.000000 90.760361
278 95.034217 0.000000 96.478270
147 54.098361 0.000000 0.000000
2299 54.528187 0.000000 15.132469
2300 53.313016 0.000000 10.374416
1176 18.438377 36.876755 45.569970
1430 12.663352 25.326704 82.410339
940 13.290897 26.581793 80.824993
1498 12.388487 24.776974 81.334688
341 92.643783 14.712434 66.296889
1216 92.844765 14.310469 69.612223
1215 93.828739 12.342522 68.521397
1297 92.569657 14.860686 21.703259
960 71.161234 57.677531 67.546019
2400 70.651226 58.697548 64.164180
503 68.749086 62.501829 65.220598
1156 72.807433 54.385134 63.226393
2401 72.454813 55.090375 65.935375
726 97.884588 4.230824 43.822465
2197 98.970973 2.058055 43.519910
758 98.121547 3.756907 40.173111
447 8.567730 17.135460 21.543463
2240 7.347693 0.000000 94.767839
51 90.537300 18.925399 79.475781
817 89.500017 20.999967 77.897661
48 89.726908 20.546183 79.738372
1148 7.730659 15.461318 31.007045
544 8.167940 16.335880 28.891620
655 7.113515 14.227029 28.311819
152 91.599391 0.000000 76.784692
151 94.589966 0.000000 70.292870
65 94.387404 0.000000 76.462571
710 91.058826 17.882348 26.250159
2099 91.368086 17.263828 25.081661
2148 90.786747 18.426506 25.628126
1079 92.146635 15.706731 25.483545
910 79.753701 40.492598 29.387768
2730 77.611628 44.776744 30.231075
911 77.984565 44.030870 32.307766
1219 91.106843 17.786314 64.666818
1328 90.494475 19.011051 66.723825
685 91.625905 16.748190 67.893255
1001 89.297962 21.404077 42.192982
1370 90.927932 18.144135 41.574347
1496 89.866274 20.267451 39.502150
2219 6.499015 12.998031 28.656716
2218 6.917721 13.835442 30.317212
508 43.439500 61.087335 69.456332
1078 45.374136 49.632721 75.183639
9 45.190497 73.466576 63.266712
226 14.932199 29.864398 29.696641
423 28.940591 57.881183 62.184341
2693 19.794716 39.589432 66.742622
2694 18.577353 37.154706 67.174660
821 65.393186 0.000000 30.424517
1140 14.530623 29.061247 33.119307
1138 14.086201 28.172401 30.704298
470 16.665734 0.000000 25.944359
169 13.862330 0.000000 22.711487
1431 17.271782 0.000000 15.567842
1097 44.011150 0.000000 21.370349
2241 45.043521 0.000000 30.415696
842 87.596409 24.807183 71.956409
2507 88.261316 23.477368 71.031404
2508 87.516525 24.966949 70.293243
1168 0.000000 0.000000 36.842105
1124 24.926043 0.000000 52.067014
7 24.095315 0.000000 65.007206
791 88.546690 22.906620 82.128761
788 87.333329 25.333342 80.773322
832 87.956897 24.086207 82.688576
201 79.625603 16.887577 91.556211
205 81.875151 0.000000 93.520000
1904 81.250000 0.000000 100.000000
1205 97.263536 5.472927 93.589006
2746 97.759154 4.481691 95.635483
439 100.000000 0.000000 100.000000
109 4.605934 9.211868 63.198870
379 5.385448 10.770895 59.299119
2214 4.272810 8.545619 60.325317
2509 66.334340 67.331319 56.983894
2510 68.162602 63.674795 58.222549
1207 97.826087 4.347826 97.826087
1970 97.870560 4.258879 97.204204
1966 96.768229 6.463541 95.978281
1034 14.660755 29.321510 75.634610
479 15.781976 31.563952 74.683622
579 14.837461 29.674921 74.153697
2784 25.486395 27.717587 86.141207
315 96.428665 7.142669 22.099969
312 97.693520 4.612960 23.208902
311 97.716386 4.567229 17.238370
168 14.315488 0.000000 13.303376
166 11.278285 0.000000 19.913877
660 11.416221 0.000000 11.485590
13 8.390978 16.781957 43.918958
1149 9.939022 19.878044 45.893169
1083 84.565331 0.000000 6.061509
396 87.209690 0.000000 4.627815
1366 49.094503 89.770910 55.114545
1367 46.000000 92.000000 54.000000
1364 47.742563 78.536679 60.731661
47 93.576582 12.846835 75.647445
43 94.182152 11.635697 78.378300
1495 95.081373 0.000000 42.643376
153 90.655751 0.000000 71.464157
293 92.431983 0.000000 64.287541
724 96.550931 0.000000 38.251385
988 100.000000 0.000000 42.857143
1298 54.349928 0.000000 66.345817
395 56.979477 0.000000 52.995241
694 56.107548 0.000000 77.193917
2684 35.135135 70.270270 35.135135
1229 34.811588 58.576733 29.288366
87 33.658502 0.000000 14.091347
1915 32.786885 0.000000 0.000000
1905 34.426230 0.000000 0.000000
108 86.729735 26.540530 53.487665
926 85.114200 29.771600 48.709392
927 83.929152 32.141696 52.732802
860 17.565603 35.131206 31.967911
861 18.477654 36.955308 30.363850
1159 69.919946 60.160107 60.569356
2511 69.417871 61.164257 57.963029
976 93.657709 12.684582 33.826731
1325 94.439646 11.120707 35.856232
450 94.801875 10.396249 32.829154
267 0.000000 0.000000 68.421053
1450 92.187500 0.000000 100.000000
1444 94.883391 2.944887 98.527556
1442 93.014514 5.741305 97.129347
104 18.244065 22.100495 11.050248
2100 18.918919 37.837838 18.918919
2101 20.270270 40.540541 20.270270
596 11.052573 22.105146 70.489173
867 18.973581 37.947162 61.735965
865 20.942003 41.884005 63.713020
869 21.349982 42.699963 58.578227
238 91.300198 17.399604 79.185552
237 92.196028 15.607945 80.640320
2402 91.909037 16.181926 79.247497
229 89.980157 0.000000 34.393824
12 89.020881 0.000000 26.371284
532 88.496266 23.007468 39.903650
1446 88.058372 23.883256 37.552000
1422 86.937053 26.125894 39.778710
921 17.209347 34.418694 81.776420
938 16.053123 32.106246 81.452877
1967 19.270424 38.540847 71.160294
212 17.652492 35.304985 73.216952
2653 98.934255 2.131489 60.559169
897 100.000000 0.000000 61.904762
2657 99.059050 1.881900 63.181439
282 52.404803 41.347359 79.326321
275 49.601740 19.652412 90.173794
846 73.349060 0.000000 17.800500
841 69.514499 0.000000 13.008016
776 8.640317 17.280635 70.290028
774 8.418045 16.836090 72.971962
251 83.517707 32.964586 78.974451
252 84.760916 30.478169 81.478696
2242 9.619202 0.000000 93.563708
2262 8.379480 0.000000 93.920609
1501 10.158145 0.000000 89.603200
2249 11.405611 0.000000 93.736356
515 97.253988 5.492024 79.319582
348 98.259949 3.480102 79.726710
482 96.302319 7.395363 79.933935
512 97.224326 5.551348 82.838197
2395 47.463444 0.000000 90.275400
2387 46.579820 0.000000 89.825490
340 41.441170 34.134379 17.067189
342 39.368826 52.937149 26.468574
2629 41.234080 48.294126 24.147063
2636 42.599822 38.953808 19.476904
124 100.000000 0.000000 80.952381
2349 17.187500 0.000000 100.000000
561 17.220907 9.329229 95.335385
2243 46.009320 0.000000 30.723614
1116 34.403931 68.807862 43.438669
2630 33.512369 67.024737 40.692621
1112 31.548997 63.097994 43.638369
1105 35.419472 70.838944 38.776829
2631 34.735044 69.470089 41.071524
306 98.698399 0.000000 19.476599
309 96.197808 0.000000 19.918265
836 92.995207 14.009587 86.936148
365 91.627989 16.744022 85.640817
364 92.939217 14.121566 88.495153
1321 93.935826 12.128348 22.524870
2673 93.072686 13.854629 23.966417
1076 93.203851 13.592297 25.151682
699 72.375838 55.248324 43.792029
703 74.876160 50.247679 46.109955
839 75.378459 49.243083 43.136120
770 2.858146 5.716292 71.297345
274 3.650312 7.300624 66.756661
303 2.154072 4.308144 67.273729
1051 96.887925 6.224150 95.012449
1350 19.815116 39.630233 77.875489
513 97.308880 5.382240 85.576695
718 97.088714 5.822572 87.468171
715 97.964275 4.071451 88.485197
511 97.985506 4.028987 85.951887
49 90.816305 18.367389 81.418121
28 6.112295 12.224590 78.890104
1065 5.531537 11.063073 81.846255
1062 6.874146 13.748292 79.560181
683 15.930048 31.860096 45.887324
677 15.261876 30.523752 49.875985
978 3.948096 7.896191 72.391147
489 27.868852 0.000000 0.000000
352 29.508197 0.000000 0.000000
359 28.308928 0.000000 17.169859
1314 4.819145 9.638290 39.968658
1150 6.014147 12.028293 44.767348
1315 56.060606 87.878788 43.939394
1164 6.102342 12.204683 30.210703
128 5.854497 11.708993 27.105842
2220 6.507002 13.014005 27.338004
1294 93.640630 0.000000 20.270782
1883 0.871995 1.743991 39.387030
1884 0.775486 1.550972 35.581168
803 80.594376 38.811247 37.672876
800 78.442253 43.115494 39.463499
1285 80.125773 39.748454 41.360821
2322 90.163934 0.000000 0.000000
2327 91.803279 0.000000 0.000000
2301 93.442623 0.000000 0.000000
835 94.070902 11.858197 89.315614
1142 12.354806 24.709611 32.971234
478 11.841496 23.682993 30.168949
507 11.376782 22.753564 31.509274
38 29.687500 0.000000 100.000000
2785 26.762325 25.271098 87.364451
68 100.000000 0.000000 66.666667
154 97.674656 0.000000 67.036467
484 96.181319 7.637362 76.995769
563 12.000000 24.000000 88.000000
1193 10.937300 21.874599 87.817075
1199 10.000000 20.000000 90.000000
483 96.281579 7.436842 83.140026
833 94.127785 11.744430 92.719858
871 95.604400 8.791199 94.196490
837 94.585889 10.828223 91.619689
1313 98.594625 0.000000 27.955361
989 100.000000 0.000000 38.095238
322 23.346209 0.000000 39.597561
319 20.005412 0.000000 38.211318
318 22.426211 0.000000 25.631081
1144 10.551939 21.103878 29.809559
39 25.833565 0.000000 86.086039
2244 25.283411 0.000000 76.414870
2245 26.459548 0.000000 72.412126
82 90.803732 18.392537 73.641302
86 91.430532 17.138936 72.990297
823 90.470458 19.059083 71.880680
1256 54.347826 91.304348 54.347826
1368 50.650539 76.436609 61.781695
1101 37.837838 75.675676 37.837838
1453 92.805928 14.388144 79.710579
239 93.628452 12.743095 83.095820
696 73.059041 53.881918 48.071412
701 73.886136 52.227728 51.989151
1347 17.933714 35.867429 79.743041
1273 22.397677 44.795354 53.820536
545 89.338116 21.323768 87.263698
546 91.304348 17.391304 91.304348
367 91.273655 17.452691 88.920447
244 8.662967 0.000000 49.771891
2350 14.062500 0.000000 100.000000
192 71.301333 57.397335 31.257561
1082 66.666667 66.666667 33.333333
1420 20.350020 40.700040 55.100227
2436 44.606231 82.396966 41.198483
2035 46.120645 84.922972 42.461486
2482 45.843159 79.080841 39.540420
158 10.114358 20.228716 65.868588
1057 11.324352 22.648705 64.762617
1346 10.593065 21.186129 63.382029
2359 23.527083 0.000000 96.530165
1037 3.173321 6.346643 10.725901
1035 1.423009 2.846019 7.089304
1028 2.706114 5.412227 13.548449
1490 39.062500 0.000000 100.000000
2353 38.386173 0.000000 89.954012
723 97.500295 0.000000 93.237706
719 98.822465 0.000000 96.097941
281 96.996996 0.000000 97.635653
1277 93.193041 13.613918 12.236451
1009 92.951237 14.097525 14.508473
1010 94.642780 10.714439 11.063797
1400 86.098071 27.803857 83.747678
223 7.772281 15.544562 69.264757
225 7.594816 15.189631 72.070368
941 12.269851 24.539701 84.114685
937 13.572366 27.144731 82.684422
242 4.935993 0.000000 56.019225
1341 0.000000 0.000000 52.631579
2779 12.305894 17.525661 8.762831
2103 13.513514 27.027027 13.513514
2781 13.203888 19.231441 9.615721
2104 31.149822 32.611365 16.305683
686 30.472654 48.710173 24.355087
628 15.258090 30.516180 18.265732
787 87.663806 24.672389 78.299818
1102 85.830211 28.339577 30.744412
203 86.697454 26.605092 31.411487
189 87.156955 25.686091 29.522194
1493 6.903334 0.000000 31.746851
472 10.443077 0.000000 28.578828
581 81.640132 0.000000 5.768443
2302 81.967213 0.000000 0.000000
2303 83.606557 0.000000 0.000000
440 83.044386 33.911229 62.444752
442 83.998131 32.003739 59.445256
437 81.662076 36.675849 58.750225
1373 53.030303 93.939394 46.969697
1412 53.757956 92.484088 50.821452
1410 55.514579 88.970842 49.549659
958 69.416661 22.452898 88.773551
324 23.311541 0.000000 10.949654
317 19.971579 0.000000 19.062349
899 77.013272 0.000000 54.517532
901 79.468048 0.000000 51.513084
808 91.733795 16.532409 33.250409
804 92.073502 15.852996 30.646815
1418 18.673530 37.347060 53.768174
1417 16.789450 33.578901 56.153279
1419 18.790709 37.581417 57.696388
2108 41.253258 20.262257 10.131128
344 38.598918 37.332582 18.666291
235 89.346962 21.306076 76.417458
944 88.750564 22.498872 74.592755
613 34.015499 0.000000 80.669678
2354 33.251299 0.000000 90.255545
1255 92.837123 14.325755 76.457249
1360 92.896941 14.206119 78.125546
2199 93.412004 13.175992 78.158955
1478 93.820101 12.359799 79.866700
1329 91.173723 17.652554 11.217204
765 0.000000 0.000000 78.947368
525 0.000000 0.000000 84.210526
775 0.619088 1.238176 80.350461
1436 9.350876 18.701752 81.093243
807 10.378497 20.756994 79.301183
2248 39.672338 0.000000 62.855484
286 86.348972 0.000000 60.810747
290 85.505142 0.000000 69.638198
1287 81.777094 36.445811 43.586797
1301 79.667597 40.664805 44.748326
1053 25.005558 50.011117 68.364078
419 27.857595 55.715189 66.919226
1973 28.410819 56.821638 69.462369
1128 28.347958 56.695916 39.314751
2688 29.053902 58.107804 36.721230
1392 77.654892 0.000000 21.644680
880 16.015548 32.031096 27.672638
1401 15.081517 30.163033 25.671562
1238 14.584959 29.169917 27.322527
714 94.754952 10.490097 46.236848
2674 96.087958 7.824084 48.922023
2681 96.145458 7.709084 46.175491
1038 97.256594 5.486813 50.762496
2675 96.230482 7.539035 51.624045
2028 87.925975 24.148051 29.998091
956 88.158851 23.682298 28.728267
1021 76.405156 47.189689 54.217313
702 76.287195 47.425610 49.721640
873 64.339444 32.225331 83.887335
878 65.217391 69.565217 65.217391
877 60.757278 26.915783 86.542108
2747 98.131279 3.737442 94.532664
1050 11.237358 22.474715 26.261593
1117 11.720796 23.441591 25.000959
91 10.599393 21.198787 24.202713
939 16.470551 32.941102 79.571622
578 16.575931 33.151861 77.743558
1396 13.936816 27.873632 77.034521
1171 0.000000 0.000000 26.315789
1946 96.875000 0.000000 100.000000
1916 95.312500 0.000000 100.000000
1056 11.680691 23.361383 61.967488
1230 10.561793 21.123585 13.260160
584 8.853154 0.000000 18.630838
1309 87.229197 25.541607 26.245848
818 87.705400 24.589199 27.215320
670 100.000000 0.000000 85.714286
2178 65.653986 31.018852 15.509426
2574 66.443913 24.882127 12.441064
2612 65.631921 17.772609 8.886305
849 4.703052 0.000000 17.836214
464 4.010488 0.000000 14.095205
1184 6.461355 0.000000 11.837928
382 7.226383 14.452766 58.918689
1362 9.073843 18.147686 59.476230
963 99.086556 1.826887 10.228284
2200 100.000000 0.000000 9.523810
2201 100.000000 0.000000 4.761905
556 0.950570 1.901139 82.914063
1157 1.292684 2.585369 79.035005
2193 100.000000 0.000000 33.333333
2194 99.048642 1.902716 35.504768
2202 98.844248 2.311503 37.808210
477 93.152439 13.695122 72.619628
1359 92.426633 15.146734 74.035944
457 4.604290 9.208581 85.911131
1232 5.501879 11.003758 86.631950
687 6.498222 12.996444 82.334122
240 89.821045 20.357911 74.770412
2512 90.375391 19.249218 74.280091
2513 89.721967 20.556066 73.434815
1226 90.947595 18.104810 76.192174
1033 3.369816 6.739633 20.766791
1032 2.471375 4.942749 17.098697
1265 2.517884 5.035769 21.822642
406 94.020422 11.959156 38.384572
831 64.621552 54.025946 27.012973
829 62.472694 53.423673 26.711836
2114 63.636364 72.727273 36.363636
2203 99.228204 1.543592 40.771483
2204 100.000000 0.000000 14.285714
1269 84.474063 0.000000 94.413422
1300 83.977834 0.000000 88.559142
634 10.855515 21.711031 67.370673
167 14.276610 0.000000 5.001644
1907 13.114754 0.000000 0.000000
1908 14.754098 0.000000 0.000000
656 17.413145 34.826290 28.110511
748 48.997240 0.000000 9.340829
2115 49.180328 0.000000 0.000000
749 50.819672 0.000000 0.000000
527 45.582661 26.361798 13.180899
891 47.865804 21.611957 10.805979
2116 47.345409 12.137626 6.068813
587 92.527475 14.945049 34.832689
1508 91.391066 17.217868 35.902529
253 82.451112 35.097776 76.180934
601 84.358265 31.283469 77.877347
1173 7.049966 14.099932 23.368674
2221 7.221165 14.442330 24.906052
2229 7.514381 15.028762 24.326095
92 12.376750 24.753500 27.198124
95 11.809358 23.618716 28.130018
332 7.331421 14.662843 91.389146
262 6.820550 13.641100 90.517549
665 85.840971 28.318058 74.113376
137 87.336774 25.326451 74.139825
399 6.735248 13.470496 86.313924
1485 8.180930 16.361859 83.316954
1066 7.177207 14.354415 83.379693
250 38.939709 0.000000 48.620416
923 40.327385 0.000000 32.850912
1063 99.275114 1.449772 91.654918
2659 98.506813 2.986375 88.792385
2660 98.614108 2.771784 90.958130
2656 98.695060 2.609879 86.911791
254 13.639014 27.278028 28.388253
93 13.027438 26.054875 26.019462
642 48.699490 85.221029 42.610514
2030 48.209243 73.672587 36.836294
2031 47.392615 81.829584 40.914792
1492 4.153835 0.000000 23.920589
889 6.545197 0.000000 18.262570
496 2.383748 4.767496 50.226605
1361 1.837421 3.674843 43.191751
1885 1.023541 2.047082 48.326823
979 13.621627 0.000000 96.323782
2250 12.408130 0.000000 92.419892
573 9.075450 18.150899 14.906902
633 10.054296 20.108592 17.466838
569 10.481275 20.962549 16.459559
574 91.884518 16.230964 71.023494
1358 9.710403 19.420805 27.191125
2438 9.581407 19.162815 28.751017
700 69.886743 60.226513 46.368820
1249 13.070092 26.140185 60.333990
1421 14.806014 29.612028 58.398732
995 86.284968 27.430063 76.541309
230 91.062403 0.000000 43.143530
2288 2.508254 0.000000 96.427811
2291 2.084471 0.000000 98.071594
2251 41.081267 0.000000 64.330137
1288 83.854267 32.291466 42.757945
964 98.484848 3.030303 1.515152
2548 96.969697 6.060606 3.030303
2117 88.433969 23.132063 27.515744
2118 87.774072 24.451855 28.266499
813 89.069722 21.860556 27.879888
380 6.092589 12.185177 63.449443
1910 46.258018 0.000000 8.659300
2223 7.229797 14.459594 42.224454
523 91.581235 16.837530 81.141549
609 8.198168 16.396336 19.470691
981 34.000000 68.000000 66.000000
1974 35.630582 59.159310 70.420345
1018 60.407639 0.000000 78.186638
1019 58.773048 0.000000 69.245502
883 61.342008 0.000000 64.504411
1337 72.911175 0.000000 79.115389
1095 69.971856 0.000000 76.147450
1094 72.260433 0.000000 66.820841
1135 70.647480 58.705041 56.731844
619 37.500000 0.000000 100.000000
1303 77.280269 45.439462 45.828572
308 4.067329 8.134659 34.819357
466 2.812698 5.625396 34.310509
999 90.365496 19.269009 48.089191
948 92.004295 15.991410 52.434675
1002 92.770350 14.459300 47.969936
898 96.878661 6.242679 54.992052
2407 81.376965 37.246069 70.221156
1304 79.616557 40.766885 48.791295
215 23.096387 46.192775 72.667160
1975 23.981089 47.962177 70.447064
2529 70.451561 59.096878 58.741753
2046 35.695686 71.391372 46.553960
2059 34.226130 68.452260 47.159395
2492 35.170383 70.340766 48.565311
474 0.844862 1.689725 31.529405
850 71.140304 57.719392 40.456910
255 81.398566 37.202867 77.598459
202 80.431147 39.137705 79.022791
207 82.872119 34.255763 80.446628
2450 19.660213 39.320425 43.576347
2446 20.337416 40.674831 44.932727
859 18.738173 37.476346 38.460212
2441 17.832512 35.665024 40.344390
1198 45.173676 26.175233 86.912384
2389 44.431179 13.368394 93.315803
2383 45.316023 10.592220 94.703890
519 6.932048 0.000000 84.079484
2634 38.138936 76.277873 39.900339
1092 69.512192 0.000000 61.070169
301 67.318443 0.000000 68.548941
1375 11.475410 0.000000 0.000000
2822 11.428861 8.682806 4.341403
2823 12.218178 11.457486 5.728743
1166 30.050505 0.000000 46.002592
975 12.989192 25.978384 75.265373
176 12.789284 25.578569 76.501173
1509 13.722303 27.444607 75.715017
384 6.900827 13.801653 65.684239
339 5.912306 11.824612 67.447467
224 6.845969 13.691938 68.406365
94 10.153201 20.306402 25.404784
786 86.767759 26.464482 78.728154
618 33.526117 26.339873 86.830064
310 97.620725 4.758550 11.824473
1172 3.192598 6.385197 38.982910
1169 1.755484 3.510969 36.264393
779 10.876063 21.752125 39.640140
1181 2.344385 0.000000 21.064775
61 98.524919 2.950162 71.888904
62 97.344592 5.310817 70.120706
1235 97.611763 4.776474 73.926699
2205 93.501965 12.996070 77.160487
320 19.126339 0.000000 29.035491
1189 59.735593 0.000000 53.187582
536 85.828261 28.343477 42.476504
510 6.556043 13.112086 7.379024
2121 7.684487 15.368974 9.495203
353 8.708217 17.416433 9.529400
174 4.561989 9.123978 5.291134
2128 5.547141 11.094283 7.257257
2122 6.219405 12.438809 7.796247
81 34.784138 0.000000 33.012445
2404 73.846235 52.307530 66.088672
854 95.734164 8.531672 10.588667
1336 94.827453 10.345093 14.718953
1257 52.173913 95.652174 52.173913
222 6.738264 13.476529 71.275272
24 5.768433 11.536866 73.392887
23 6.603462 13.206924 73.964043
441 90.299139 19.401723 77.473432
2405 89.700306 20.599389 75.900894
704 14.470235 28.940469 82.962103
2750 93.635066 12.729867 16.443790
1006 92.625610 14.748780 17.866022
2760 93.892314 12.215372 17.202833
1380 3.863513 7.727026 45.342793
1345 9.273409 18.546817 63.686185
1486 8.427877 16.855753 80.953138
624 8.759288 17.518577 78.912102
1976 8.278333 16.556667 80.030581
977 1.906233 3.812466 75.686924
757 89.963127 20.073745 72.692264
1476 91.588000 16.824000 75.054899
2535 91.259690 17.480619 75.579430
2528 91.508286 16.983429 76.121070
641 48.870354 58.748002 29.374001
2106 50.056784 43.529267 21.764634
2107 48.551356 46.565826 23.282913
888 47.079262 45.221760 22.610880
2635 47.253441 56.081076 28.040538
1165 27.984316 0.000000 35.474303
1127 1.629893 0.000000 28.726694
1435 9.274150 18.548299 82.878701
1279 59.622680 80.754640 51.857730
623 32.201007 0.000000 59.563435
580 32.367617 0.000000 41.138149
708 13.078262 26.156523 84.387032
1390 19.591579 0.000000 95.734124
2351 23.437500 0.000000 100.000000
2352 21.875000 0.000000 100.000000
2357 20.312500 0.000000 100.000000
170 8.680433 0.000000 12.354524
996 94.130782 11.738436 41.640366
540 87.538033 24.923935 84.557564
22 7.396524 14.793049 74.656146
30 8.134158 16.268317 75.347168
2252 18.865844 0.000000 88.329734
1047 42.699132 85.398263 52.320184
1071 12.864221 0.000000 83.446537
1069 10.496781 0.000000 77.604334
1072 14.164562 0.000000 79.224970
1467 98.961355 2.077290 26.826928
2206 100.000000 0.000000 28.571429
1477 94.952178 10.095644 81.441891
323 25.623919 0.000000 13.758827
321 25.598475 0.000000 28.802368
643 50.833653 50.615701 25.307851
2125 51.102980 42.646255 21.323127
721 95.204239 9.591522 38.508199
1384 80.567438 38.865124 26.839460
2751 81.216726 37.566549 24.936737
2752 79.760603 40.478793 26.125632
2077 79.511373 40.977253 36.436079
2067 78.805617 42.388765 37.330005
625 13.013713 26.027426 18.458033
1224 13.297565 26.595129 17.192841
1913 73.873584 0.000000 86.914489
1929 72.641096 0.000000 86.104637
2836 74.407516 0.000000 92.549350
1914 75.429837 0.000000 88.937384
2837 75.247517 0.000000 93.541300
2406 54.195190 41.306891 79.346554
371 89.524532 20.950936 83.264686
362 90.365025 19.269951 84.985679
543 87.414157 25.171686 83.155561
2253 22.442073 0.000000 83.674301
1218 92.459173 15.081654 61.799964
1220 94.607210 10.785579 61.549174
598 93.660077 12.679847 56.897601
8 63.426525 73.146950 50.692072
1408 64.748001 70.503997 48.033737
1323 95.797426 8.405148 32.026929
118 92.155109 15.689783 28.730917
2676 92.669750 14.660500 29.090304
2677 92.606580 14.786841 27.940917
245 3.954131 0.000000 63.678361
155 96.385873 0.000000 64.074490
2797 95.617730 0.000000 60.115818
2798 98.000901 0.000000 60.809482
1059 11.447369 22.894738 68.724180
400 42.588291 52.697764 26.348882
248 15.036875 0.000000 54.662319
241 11.749578 0.000000 53.762390
5 64.662679 70.674641 57.765584
2524 63.946433 72.107133 55.380519
2516 62.741590 74.516819 55.666029
2515 60.744134 78.511732 54.482404
2519 58.890668 82.218663 53.242482
460 89.666112 20.667776 67.646842
826 89.051768 21.896463 69.149958
886 90.084963 19.830073 69.953425
456 1.175842 2.351684 90.627929
25 4.844188 9.688376 78.258065
26 5.019649 10.039297 80.369417
19 5.619773 11.239546 77.981434
876 14.965645 29.931289 81.201477
354 32.185166 13.502798 6.751399
197 95.504027 8.991946 71.075701
350 94.620537 10.758926 70.372499
473 94.903844 10.192312 72.706304
780 54.509090 78.267391 39.133695
420 90.563921 18.872157 34.371783
80 46.082037 0.000000 79.559272
2254 45.990817 0.000000 66.794533
2233 47.375106 0.000000 67.074958
2442 11.362891 22.725783 32.980284
1099 10.194780 20.389560 32.646718
2443 10.772778 21.545557 31.616344
874 84.767403 30.465194 31.953583
1502 85.576290 28.847419 32.764878
946 94.698717 10.602565 51.819610
425 1.307270 2.614540 11.646963
432 0.000000 0.000000 5.263158
1462 89.062500 0.000000 100.000000
590 42.203225 0.000000 71.484652
2273 42.666125 0.000000 61.511956
2270 43.279137 0.000000 63.551407
1469 41.092300 0.000000 50.691637
2255 42.037509 0.000000 59.838358
1133 18.054149 36.108297 77.781838
209 18.043352 36.086703 75.688150
1307 85.318274 29.363453 17.899372
680 83.666620 32.666760 20.534496
206 82.608696 34.782609 82.608696
1123 21.219841 0.000000 51.691008
553 3.201304 6.402608 77.984040
552 3.956392 7.912785 78.303449
557 3.974444 7.948888 75.447407
539 89.130435 21.739130 89.130435
616 88.040415 15.880526 92.059737
1470 41.480182 59.611229 70.194385
15 42.000000 84.000000 58.000000
21 6.435432 12.870863 76.433081
904 81.050547 0.000000 43.951143
783 56.272355 31.529168 15.764584
1437 53.593642 33.529670 16.764835
2126 54.655896 43.515117 21.757558
620 6.419349 0.000000 24.995325
1262 8.779440 0.000000 24.773144
2637 19.302989 38.605979 35.853548
858 17.772944 35.545888 34.797183
582 36.627003 0.000000 52.323833
389 85.171395 0.000000 13.297505
2678 95.202965 9.594069 55.479699
2517 92.213946 15.572108 76.105812
67 98.039306 3.921388 63.415039
2802 99.454695 1.090610 64.665758
2803 99.347432 1.305137 66.213458
1013 63.043478 73.913043 63.043478
568 9.765769 19.531538 14.403120
567 10.675253 21.350506 14.497973
1008 93.988925 12.022150 14.220490
73 89.053511 21.892978 13.214311
164 87.471787 25.056426 16.084598
974 11.386765 22.773529 72.329816
2038 10.969549 21.939097 71.653093
2039 10.688348 21.376696 72.504896
2662 99.212018 1.575963 69.085763
2663 99.262744 1.474512 71.649438
1183 3.353827 0.000000 10.586218
191 1.351351 2.702703 1.351351
2127 4.659810 9.319620 6.383031
1143 14.921307 29.842614 36.034880
840 15.049595 30.099191 39.914770
2453 14.741375 29.482750 38.057442
1259 93.933209 12.133582 71.318673
231 91.730128 0.000000 50.030779
602 84.817119 30.365762 27.129573
1344 86.206445 27.587110 26.582098
1343 85.952049 28.095902 25.048666
360 90.039143 19.921714 86.196750
363 89.168002 21.663996 83.984253
606 84.548560 30.902879 25.536543
1383 84.231291 31.537419 24.005022
1357 35.121385 70.242771 56.217128
1296 34.991268 69.982536 51.486386
870 95.630010 8.739981 91.524970
1085 88.311063 23.377873 12.690446
2550 87.878788 24.242424 12.121212
691 54.687500 0.000000 100.000000
690 53.789313 0.000000 85.171718
2257 6.282065 0.000000 95.878652
799 77.855646 44.288708 42.464097
812 88.911652 22.176695 26.031515
2129 89.521112 20.957777 26.464763
2157 90.013956 19.972089 25.986852
2156 90.387484 19.225031 25.565303
99 21.140518 28.558469 14.279234
2131 21.621622 43.243243 21.621622
84 10.355006 0.000000 6.112147
658 7.457185 14.914369 26.667571
2222 6.906707 13.813414 25.585357
126 6.348470 12.696939 25.635335
2225 6.909078 13.818157 26.636079
1026 11.678254 23.356507 85.867477
1217 94.932866 10.134269 68.240422
1379 15.025220 30.050440 76.586194
390 59.016393 0.000000 0.000000
1312 59.716808 0.000000 15.679379
391 57.803449 0.000000 17.155266
949 14.320641 28.641283 69.840052
952 13.973058 27.946116 67.841415
551 13.093011 26.186023 70.154146
349 99.236098 1.527805 83.457911
1480 10.178172 20.356345 87.355441
1429 11.009841 22.019682 85.421329
376 9.691614 19.383228 86.596813
156 92.374741 0.000000 81.614588
1356 89.561326 0.000000 83.291721
1074 5.022339 10.044677 20.718542
1457 5.390277 10.780554 24.100198
125 5.903041 11.806081 23.255148
1197 19.030303 38.060605 26.145831
855 21.103205 42.206410 28.110716
857 20.424354 40.848707 25.336735
520 13.319363 0.000000 89.456619
604 10.113400 0.000000 83.618792
1152 11.255021 22.510042 43.239377
746 12.456611 24.913223 40.968499
2188 54.211114 14.936484 7.468242
2580 54.725386 7.012504 3.506252
2620 54.200120 7.725513 3.862756
564 17.042038 0.000000 97.289370
2246 16.453591 0.000000 92.539333
2463 8.586073 17.172146 25.273816
2444 8.949175 17.898350 26.422928
2445 9.245944 18.491889 27.477629
1917 93.750000 0.000000 100.000000
159 49.871311 0.000000 42.096036
2259 48.418453 0.000000 47.376186
2745 48.690457 0.000000 41.881333
163 48.560764 0.000000 56.771848
78 47.017768 0.000000 52.919824
111 87.834411 24.331179 48.986104
1466 97.457330 5.085340 28.613029
1030 4.356946 8.713893 22.298059
856 22.907859 45.815718 26.758136
2134 24.573802 49.147603 26.075651
2135 23.319555 46.639109 25.063336
1137 25.517016 51.034031 27.950275
313 99.182227 1.635546 18.021144
1911 16.393443 0.000000 0.000000
1918 18.032787 0.000000 0.000000
1919 19.672131 0.000000 0.000000
550 1.656299 3.312599 84.836470
188 20.473699 40.947399 30.727779
1196 19.027351 38.054702 28.313177
2136 87.415187 25.169625 28.350971
722 88.812588 22.374823 70.613970
2531 88.829805 22.340389 71.569139
2520 89.277648 21.444705 71.889439
361 91.514335 16.971330 87.385356
368 92.840981 14.318038 90.073291
296 90.065260 19.869479 21.635429
793 26.229508 0.000000 0.000000
421 25.797759 51.595518 64.050892
1119 17.098155 0.000000 63.770771
1120 20.561328 0.000000 63.789860
1121 19.826486 0.000000 72.367035
2828 81.105565 0.000000 83.240644
743 82.356064 0.000000 86.692699
947 88.671762 22.656475 30.347003
816 89.743160 20.513680 29.261091
1463 92.223938 0.000000 90.708008
516 99.342217 1.315567 87.168513
2664 98.847029 2.305943 84.795984
1214 86.196456 0.000000 20.163720
1506 82.477842 0.000000 15.488391
1039 10.764648 21.529296 27.632959
1879 8.684371 17.368742 76.038019
1880 8.965444 17.930889 74.860180
2083 8.534580 17.069159 75.512569
449 6.824850 13.649700 21.535449
130 6.156480 12.312960 21.739916
1352 28.125000 0.000000 100.000000
2786 24.594017 16.183434 91.908283
499 63.581495 72.837010 61.492610
2408 64.201645 71.596710 59.967482
2409 62.979129 74.041742 59.602121
810 90.781046 18.437908 69.036279
1977 29.491228 58.982456 68.075147
426 30.651935 61.303870 65.980283
1978 30.535791 61.071581 68.013857
234 84.415969 0.000000 41.883926
805 92.856145 14.287710 31.909935
465 97.734721 4.530558 59.242885
2665 98.772455 2.455089 58.468031
2212 98.420845 3.158311 56.927214
2552 96.592896 6.814209 4.875950
2553 96.771031 6.457938 4.001200
1415 91.943816 16.112368 39.763330
337 93.997274 12.005453 65.287676
970 11.424338 22.848676 76.248783
2522 57.599559 84.800881 53.028065
638 11.069416 22.138831 19.745904
652 12.227976 24.455952 20.586383
635 11.363697 22.727393 18.559224
662 84.380455 31.239091 71.903386
2410 83.051749 33.896501 72.040539
2411 84.082341 31.835318 73.160356
2413 82.166719 35.666562 71.167716
105 17.176837 34.353675 18.375104
387 56.369976 0.000000 8.918719
2025 44.594595 89.189189 44.594595
2467 45.945946 91.891892 45.945946
2483 46.648921 89.663972 44.831986
2412 84.768089 30.463821 73.486473
461 87.279803 25.440395 63.467156
1458 0.000000 0.000000 100.000000
2215 0.000000 0.000000 94.736842
1276 91.547625 16.904749 13.739332
1305 87.361881 25.276239 19.094074
172 88.816239 22.367522 17.315039
4 62.287991 75.424019 53.152216
2 65.043235 69.913530 54.229012
2525 64.996672 70.006656 56.089752
333 13.092445 26.184890 56.619747
705 74.394094 51.211813 55.251259
1136 73.459131 53.081738 57.977125
1023 76.090889 47.818222 57.846302
766 80.601200 38.797600 20.499457
760 78.860181 42.279639 23.239542
672 81.351855 37.296291 21.867269
338 40.518030 9.721996 4.860998
345 37.913024 11.331611 5.665805
2138 38.137836 23.482312 11.741156
585 35.772779 37.401362 18.700681
2139 36.397256 22.406535 11.203268
221 5.844625 11.689250 70.553211
907 77.235536 0.000000 31.784072
1483 94.204187 11.591626 88.002112
190 19.490702 38.981403 33.399106
537 87.649869 24.700262 42.523509
931 86.672818 26.654364 45.509807
305 65.444957 0.000000 78.087621
1497 66.792594 0.000000 91.469284
879 63.776195 0.000000 89.555827
1190 94.018724 11.962552 85.756561
1206 95.512473 8.975055 89.195444
2448 24.469655 48.939309 46.086213
2447 25.630052 51.260104 45.723647
735 74.973045 0.000000 71.358614
734 77.471298 0.000000 75.719603
725 75.365232 0.000000 81.426597
2738 28.060327 56.120653 30.750225
2739 26.629959 53.259917 29.876612
500 66.138900 67.722199 62.954409
875 67.391304 65.217391 67.391304
732 76.562500 0.000000 100.000000
1920 77.714918 0.000000 95.802920
731 77.532455 0.000000 86.514101
2838 77.691861 0.000000 92.169955
2839 77.016704 0.000000 91.688108
932 84.943312 30.113377 45.083926
769 45.814680 0.000000 19.930050
1922 46.958922 0.000000 13.311018
487 94.214592 0.000000 55.320491
2799 92.673031 0.000000 59.060048
498 67.233087 65.533827 60.046826
187 24.312595 48.625189 39.503126
385 54.783757 0.000000 26.988736
2306 55.772893 0.000000 20.025094
388 56.556773 0.000000 30.048622
2307 56.625773 0.000000 19.036926
922 42.443262 0.000000 35.172747
920 42.079939 0.000000 18.585734
630 12.777534 25.555067 13.737971
745 77.509857 44.980285 73.507390
733 76.086957 47.826087 76.086957
1067 84.515680 30.968640 82.996676
1043 85.086773 29.826455 56.537044
1179 82.800652 34.398696 55.924340
811 89.226796 21.546408 81.782525
458 3.929481 7.858961 81.228070
548 2.936409 5.872817 81.193596
502 92.737732 14.524536 82.956050
1107 90.880441 0.000000 87.441965
1041 93.361169 0.000000 85.141103
2140 34.786796 27.438570 13.719285
1409 67.946046 64.107908 49.063290
847 70.491803 0.000000 0.000000
2298 72.131148 0.000000 0.000000
335 1.639344 0.000000 0.000000
2764 0.804188 0.000000 2.602931
1886 0.000000 0.000000 0.000000
509 41.219853 82.439705 56.168488
14 44.000000 88.000000 56.000000
1154 34.375000 0.000000 100.000000
559 25.000000 0.000000 100.000000
1100 8.742793 17.485585 27.545446
2461 8.234845 16.469689 26.164518
2449 8.080775 16.161550 26.935205
1192 60.403437 45.106738 22.553369
1221 58.692587 33.748971 16.874485
2141 58.837481 49.820096 24.910048
1122 17.351114 0.000000 46.984420
2549 89.393939 21.212121 10.606061
1425 62.876332 74.247335 44.654193
2260 13.535906 0.000000 92.979504
565 16.227002 0.000000 87.327969
657 8.803786 17.607572 31.762827
1134 8.237920 16.475840 33.359015
790 88.885132 22.229736 79.962655
1118 18.253463 0.000000 56.179675
1377 60.606061 78.787879 39.393939
2019 63.647474 72.705052 41.925484
1427 64.760251 70.479499 38.828050
1348 18.000000 36.000000 82.000000
759 75.757576 48.484848 24.242424
2556 77.082810 45.834381 24.134214
2555 77.272727 45.454545 22.727273
2109 43.072121 17.684797 8.842399
1272 27.218893 54.437786 54.656537
1170 1.953328 3.906657 30.867982
1029 3.684042 7.368085 18.451481
398 9.244549 18.489097 34.661140
140 89.610092 20.779816 71.029956
640 87.684555 24.630889 33.396245
530 87.866646 24.266708 35.281081
928 88.714184 22.571633 33.399864
2026 43.111372 86.222745 45.018450
2470 42.367448 84.734897 43.532157
2042 41.777160 83.554320 44.360717
2468 43.044595 86.089191 46.911952
2469 42.022767 84.045534 46.049858
688 17.666101 35.332202 26.420376
2142 88.984114 22.031773 26.972978
186 21.210138 42.420277 36.757691
64 98.648283 2.703435 76.650849
131 97.728384 4.543232 77.043208
744 78.998605 42.002790 76.373956
1333 43.152685 38.726150 80.636925
1015 58.066021 0.000000 89.405222
2143 4.259289 8.518579 8.326064
2414 90.283819 19.432362 76.250411
261 2.000000 4.000000 98.000000
2343 3.829358 7.658716 95.249380
2378 3.216451 6.432902 95.691358
334 2.879466 5.758933 94.879888
2363 2.522061 5.044121 96.347883
1941 44.195415 0.000000 10.372894
2415 92.842035 14.315930 81.600692
2364 28.157389 0.000000 91.010665
2207 100.000000 0.000000 23.809524
366 4.514386 9.028772 93.168170
1188 1.243121 2.486242 16.355857
20 7.193233 14.386467 77.150254
1000 90.180574 19.638853 44.374829
998 88.666855 22.666291 45.279404
1926 5.405405 10.810811 5.405405
1944 4.054054 8.108108 4.054054
1909 11.610260 0.000000 2.814245
171 12.154570 0.000000 5.082725
1416 91.092899 17.814202 38.528950
331 8.432771 16.865542 16.059232
1108 28.893712 57.787423 57.440803
2416 52.806976 25.877908 87.061046
27 4.852529 9.705058 75.709515
893 61.678108 0.000000 15.689156
393 60.655738 0.000000 0.000000
430 40.000000 80.000000 60.000000
1924 22.950820 0.000000 0.000000
597 91.073769 17.852461 56.990546
415 22.874712 0.000000 73.723465
985 22.122287 0.000000 79.048306
454 3.354363 6.708726 91.152622
1395 78.133312 0.000000 13.404806
2753 82.680364 34.639272 23.774565
2754 83.520083 32.959835 23.634669
2755 84.137845 31.724309 23.072146
258 6.789309 13.578617 88.571717
1253 84.720080 0.000000 82.126722
1438 86.463812 0.000000 86.042870
462 85.281724 29.436553 62.931299
1191 60.612192 0.000000 31.983903
825 63.036431 0.000000 30.890498
1326 96.908557 6.182885 33.052854
386 88.351608 0.000000 19.627675
1075 82.660569 0.000000 75.489421
736 79.698507 0.000000 79.399752
1979 81.758702 21.979976 89.010012
830 17.480680 34.961360 24.667576
554 18.480124 36.960249 24.026409
882 62.742185 0.000000 77.162337
1125 94.458716 0.000000 80.565474
1468 14.258172 28.516344 23.596215
1451 9.836066 0.000000 0.000000
1939 8.698582 0.000000 2.171440
1925 8.196721 0.000000 0.000000
741 53.137810 84.554509 42.277255
374 10.442973 20.885945 83.616240
2440 18.743903 37.487805 41.930895
2666 99.019826 1.960348 80.261916
789 88.070585 23.858829 80.279206
637 9.903169 19.806337 19.070208
1045 88.082825 23.834351 60.574192
600 90.125256 19.749489 60.911045
599 88.736456 22.527088 57.058823
329 6.369174 12.738347 19.070806
122 7.535075 15.070149 20.160197
2487 30.748744 61.497487 49.496768
2145 57.668022 15.333217 7.666609
2133 56.682084 10.560708 5.280354
2583 56.754689 19.873911 9.936956
1424 91.056109 17.887783 9.805742
2557 90.909091 18.181818 9.090909
1086 88.884767 9.470139 4.735069
2558 92.424242 15.151515 7.575758
100 19.949387 39.898773 21.223501
2130 22.972973 45.945946 22.972973
1162 75.491216 49.017568 61.111054
1399 16.396790 32.793580 26.228413
915 16.648338 33.296675 25.056744
610 87.379334 25.241333 24.519708
576 9.058262 18.116525 12.027736
794 24.590164 0.000000 0.000000
2690 6.209606 12.419212 20.313204
827 66.177151 0.000000 16.482755
824 7.907509 15.815019 66.213246
822 63.752397 0.000000 15.581154
257 4.641942 9.283884 90.700207
2366 2.718943 5.437886 94.183179
1877 98.360656 0.000000 0.000000
2337 98.826594 0.000000 2.257092
2311 97.957226 0.000000 3.578210
2310 96.721311 0.000000 0.000000
2332 95.081967 0.000000 0.000000
2478 36.497740 72.995480 45.055348
2476 37.641441 75.282881 44.493497
446 7.985281 15.970562 23.622786
2691 7.178595 14.357190 21.097310
2826 28.999344 57.998688 54.664420
1338 4.918033 0.000000 0.000000
2821 4.578417 2.855052 1.427526
2815 5.296635 3.239616 1.619808
838 73.643315 52.713370 40.374822
433 39.387673 57.950442 71.024779
586 40.901234 35.903447 82.048277
2526 71.820948 56.358105 59.702783
894 62.026208 0.000000 47.220603
1365 8.906812 17.813624 67.333261
942 15.257395 30.514789 77.936900
2312 72.978593 23.716934 11.858467
675 14.959131 29.918261 54.125968
121 95.184290 9.631420 22.128710
120 95.276018 9.447963 25.522414
1247 15.988634 31.977269 34.248981
1388 4.566557 2.836047 98.581976
2289 4.687500 0.000000 100.000000
2258 6.250000 0.000000 100.000000
77 44.125460 0.000000 75.020331
2263 45.353715 0.000000 59.398280
392 58.534969 0.000000 29.247952
784 10.676883 21.353765 76.086624
116 94.164725 11.670549 25.104492
706 93.191532 13.616936 27.327053
1928 71.292981 0.000000 85.035093
728 72.486645 0.000000 93.353577
913 83.503199 32.993602 31.838983
531 86.677300 26.645399 37.011466
1432 86.860564 26.278872 34.862368
729 95.511870 8.976260 65.318212
1126 96.958662 6.082675 66.182903
346 36.928657 59.438599 29.719300
485 4.884415 9.768830 72.898778
1073 5.487920 10.975839 18.906646
1031 4.177665 8.355330 16.278347
1158 3.003928 6.007856 75.397516
448 77.049525 45.900950 63.766181
1161 75.504216 48.991568 65.546775
755 89.952752 20.094496 18.545387
754 91.558189 16.883623 15.614960
756 90.059567 19.880866 16.554197
182 23.111402 46.222803 30.854046
184 23.873473 47.746947 34.890271
595 4.992255 9.984509 15.319062
1484 16.142025 32.284050 23.528713
1402 15.556091 31.112183 24.438646
844 70.761827 0.000000 39.307890
980 69.147581 0.000000 24.150496
495 5.041198 10.082397 49.869216
2227 6.498226 12.996452 48.809695
648 11.879650 23.759300 21.523480
2710 14.404504 28.809007 70.712987
2705 14.801651 29.603302 70.445351
2047 50.606072 61.613089 30.806544
2062 49.508431 66.987949 33.493975
1327 89.292467 21.415067 64.375930
1983 67.187500 0.000000 100.000000
2049 91.238575 17.522849 27.019818
707 91.561969 16.876061 27.577047
1139 13.206405 26.412810 31.741135
521 13.598768 27.197535 34.094559
992 97.441544 5.116913 46.913646
327 4.389533 8.779067 10.768895
297 90.629795 18.740409 19.353790
298 89.321569 21.356861 21.005277
806 87.624617 24.750766 31.576764
402 88.395922 23.208155 32.023849
2419 68.814844 62.370313 62.487336
277 51.562500 0.000000 100.000000
2417 51.594005 21.719420 89.140290
2029 88.592413 22.815174 29.187184
369 92.605006 14.789988 91.299241
1163 25.901270 0.000000 41.182577
535 86.645400 26.709200 33.233541
1874 3.953560 0.000000 97.287878
146 52.459016 0.000000 0.000000
2314 51.244821 0.000000 10.199094
141 50.768748 0.000000 23.785202
2333 51.990420 0.000000 14.144782
1044 86.949793 26.100415 57.548320
2146 9.819565 19.639130 11.668444
2152 10.361086 20.722173 11.406598
101 19.314570 38.629139 22.924587
102 21.710061 43.420121 24.054730
764 79.697984 40.604032 24.672553
2722 67.162585 43.898416 78.050792
476 88.568191 22.863617 18.946114
1369 11.914543 23.829086 37.682075
661 10.518420 21.036840 36.255712
381 7.745760 15.491520 62.904672
1423 16.607689 33.215379 60.842456
571 8.394238 16.788477 12.658173
336 6.747362 13.494724 9.558616
193 9.171274 18.342548 89.570231
2787 20.208105 19.228046 90.385977
265 8.580752 17.161503 88.859724
165 85.954566 28.090869 79.366746
2147 8.817633 17.635265 10.680196
2801 91.182275 0.000000 60.113274
2800 89.705508 0.000000 61.642391
549 2.135347 4.270693 79.578230
2054 10.336921 20.673843 72.932645
773 9.390704 18.781408 73.332805
2052 9.419413 18.838826 74.446746
397 43.961163 23.475934 11.737967
2638 43.774406 36.166836 18.083418
1311 0.000000 0.000000 47.368421
263 8.291479 16.582957 87.729162
110 89.457360 21.085279 52.841167
887 45.943854 70.918524 35.459262
2639 45.822378 58.951270 29.475635
2651 44.296088 67.467287 33.733644
1381 13.869664 27.739328 73.999077
785 90.930304 18.139393 70.976835
401 40.540541 81.081081 40.540541
622 34.296838 0.000000 52.454542
2261 38.150661 0.000000 61.020291
669 48.000000 96.000000 52.000000
1049 45.790888 91.581776 51.521067
2164 23.081728 46.163456 24.103841
1320 89.739059 0.000000 93.612405
1447 87.015791 0.000000 96.901399
2308 50.186246 0.000000 13.065484
501 12.826537 25.653075 29.388463
2367 26.127814 0.000000 92.554648
2376 26.959755 0.000000 93.173691
2341 25.561631 0.000000 94.959614
1503 6.557377 0.000000 0.000000
2769 8.610579 9.776093 4.888047
1114 32.961830 65.923661 55.522028
1931 82.812500 0.000000 100.000000
1932 84.375000 0.000000 100.000000
2266 23.669207 0.000000 83.533449
2695 16.819237 33.638473 68.312060
593 38.632681 38.444327 80.777836
2680 92.718235 14.563530 30.308636
848 73.843659 0.000000 9.485034
845 68.852459 0.000000 0.000000
2788 22.363165 15.489190 92.255405
2789 22.045220 22.217905 88.891047
2149 44.442721 10.551418 5.275709
1302 81.350244 37.299511 46.458372
930 82.442960 35.114081 49.199460
200 78.260870 43.478261 78.260870
1985 76.422256 21.966254 89.016873
2586 62.549928 16.918117 8.459058
895 62.295082 0.000000 0.000000
2591 61.971883 15.548713 7.774357
753 91.871290 16.257419 17.572509
1005 91.365380 17.269240 19.896218
986 96.695926 6.608148 37.565445
1316 98.002554 3.994891 36.055921
987 96.297379 7.405241 42.629446
2396 77.122975 45.754050 68.554234
2368 31.507174 0.000000 88.448478
2391 32.349724 0.000000 89.760296
2369 42.215053 21.966961 89.016519
2356 43.485016 16.706123 91.646939
1060 9.732997 19.465994 68.676761
55 85.973398 28.053204 19.089562
2210 93.233743 13.532513 78.965445
2830 85.344117 0.000000 76.029904
411 5.278002 10.556004 28.211672
1355 88.022415 0.000000 90.283963
1299 75.338864 49.322271 30.233785
2421 58.210478 63.051030 68.474485
2370 18.750000 0.000000 100.000000
1046 9.246867 18.493735 30.011425
2271 47.113038 0.000000 39.040877
2280 47.951964 0.000000 43.211889
1374 59.636826 80.726347 43.684815
1187 3.786483 0.000000 5.140266
490 27.143851 27.282240 13.641120
792 25.675676 51.351351 25.675676
2119 27.027027 54.054054 27.027027
2153 28.146270 40.619182 20.309591
778 11.591872 23.183745 74.620507
973 12.306775 24.613549 74.968969
2154 61.288905 21.518292 10.759146
2155 60.353281 21.464926 10.732463
2593 60.640398 30.422796 15.211398
2597 59.927866 31.328130 15.664065
2598 59.549627 25.897219 12.948610
2003 11.533708 23.067416 73.406742
2711 11.324356 22.648713 74.134482
2718 11.592509 23.185018 73.910958
2696 10.901901 21.803802 74.860992
2714 10.422252 20.844504 75.586907
2720 9.487223 18.974445 77.003999
2697 9.122268 18.244536 77.634054
2728 70.500905 39.267891 80.366054
730 72.220343 19.824960 90.087520
2726 71.558017 38.048280 80.975860
1990 53.125000 0.000000 100.000000
2011 54.982307 16.591730 91.704135
289 88.645732 0.000000 67.537277
2832 88.640281 0.000000 72.300317
2831 87.232485 0.000000 72.617589
1252 88.027155 0.000000 77.582247
961 90.129845 19.740309 26.949311
2698 17.588906 35.177812 68.424655
2102 12.162162 24.324324 12.162162
2158 11.643469 23.286939 12.347055
2159 11.056441 22.112883 11.917759
1098 10.810811 21.621622 10.810811
2454 10.377499 20.754998 31.135886
2452 9.990499 19.980997 30.470921
1991 59.375000 0.000000 100.000000
1241 7.812500 0.000000 100.000000
1471 9.241761 0.000000 97.003336
1248 16.672986 33.345973 41.762656
1339 8.451667 0.000000 7.798071
1933 31.147541 0.000000 0.000000
480 16.389394 32.778788 75.975896
1934 3.039991 0.000000 2.057766
1945 3.278689 0.000000 0.000000
505 13.227700 26.455400 79.791846
1464 98.396406 3.207187 32.231139
160 51.476140 0.000000 47.571402
1389 52.588196 0.000000 57.788536
2424 91.505153 16.989695 78.575728
2423 91.073496 17.853008 77.744556
2268 23.788988 0.000000 80.304706
2282 24.445169 0.000000 79.132270
972 12.153920 24.307839 76.406425
1992 56.250000 0.000000 100.000000
1993 56.568213 19.513091 90.243455
2001 57.812500 0.000000 100.000000
2160 33.527780 24.351066 12.175533
2002 73.437500 0.000000 100.000000
1986 74.633411 17.923460 91.038270
1473 78.336643 43.326714 27.900650
2756 78.984226 42.031548 26.278757
1042 86.113174 27.773651 60.083878
279 52.084154 0.000000 77.119982
1378 61.585671 76.828657 47.224735
752 47.540984 0.000000 0.000000
1936 48.319730 0.000000 17.327217
1935 47.832968 0.000000 12.990801
711 93.906915 12.186169 19.144158
2741 25.053310 50.106620 29.969908
2742 23.867411 47.734822 28.834334
271 1.757885 3.515770 62.329580
268 0.000000 0.000000 63.157895
18 5.687303 11.374606 75.956504
325 95.641278 8.717443 34.973136
1452 51.515152 96.969697 48.484848
2425 67.520874 64.958252 62.435719
1456 13.619147 27.238293 38.523642
534 85.428919 29.142163 35.389507
2727 78.444395 43.111211 77.436143
740 88.967670 22.064661 72.741742
679 13.836461 27.672921 46.863627
2211 98.718386 2.563227 54.790247
2196 98.292426 3.415147 52.508159
1994 34.620260 55.145088 72.427456
1997 33.574054 58.560681 70.719659
674 50.000000 100.000000 50.000000
2732 51.861755 96.276490 50.370053
750 47.347962 0.000000 24.974940
1923 49.100751 0.000000 22.002298
747 48.520102 0.000000 34.841223
2757 92.855498 14.289004 16.069737
2758 93.276275 13.447450 16.150010
2051 9.910833 19.821666 73.616761
403 41.891892 83.783784 41.891892
2644 42.405066 68.141865 34.070932
2645 41.587358 67.605700 33.802850
892 51.485425 33.350795 16.675397
2599 52.594874 24.688275 12.344138
2600 51.822406 25.301744 12.650872
820 63.934426 0.000000 0.000000
2309 49.565228 0.000000 30.681190
117 92.311243 15.377513 27.290710
2037 91.878758 16.242484 28.017958
2055 91.974651 16.050697 27.092315
929 83.247013 33.505974 45.965982
2455 27.194485 54.388970 45.408955
1113 28.762405 57.524811 44.120963
1407 14.124984 28.249969 78.251613
2056 61.389504 77.220993 42.243240
654 7.143073 14.286147 33.399775
2748 85.457585 29.084830 22.503313
767 82.114100 35.771801 22.979805
547 88.575724 22.848551 84.641067
295 91.229267 0.000000 96.339098
2759 91.202521 17.594958 17.467920
2317 67.213115 0.000000 0.000000
1441 90.625000 0.000000 100.000000
270 3.362981 6.725963 62.669634
497 3.736876 7.473751 56.133646
1959 12.316405 24.632811 71.636891
1960 12.892944 25.785887 71.632156
2015 14.007902 28.015805 71.209383
1996 13.517093 27.034187 71.111411
2713 13.605069 27.210138 71.731368
2296 67.576494 0.000000 11.977531
2809 17.416179 8.373682 4.186841
2024 57.575758 84.848485 42.424242
2078 60.180825 79.638350 41.557771
2373 41.348830 18.499086 90.750457
2040 8.292955 16.585909 76.370494
2058 8.749695 17.499390 74.068009
2162 45.760017 12.358077 6.179039
651 12.588118 25.176235 73.271149
591 13.093207 26.186415 74.001577
2544 73.739505 52.520989 29.229401
2609 72.459460 55.081080 29.589789
727 75.000000 0.000000 100.000000
1204 98.280997 3.438007 67.594360
918 14.809707 29.619414 22.550228
2247 14.794505 0.000000 93.717722
1014 60.869565 78.260870 60.869565
1011 59.082909 39.622675 80.188663
1048 44.384984 88.769967 48.851510
1897 42.622951 0.000000 0.000000
1938 40.983607 0.000000 0.000000
2532 52.227908 82.131102 41.065551
852 67.557650 64.884700 37.352204
2060 69.399366 61.201268 39.088510
1061 96.926683 6.146634 90.294005
529 5.286883 0.000000 7.739790
716 100.000000 0.000000 90.476190
614 36.198520 0.000000 75.216618
2272 35.550658 0.000000 62.082167
2276 36.380327 0.000000 63.808616
2269 34.250603 0.000000 66.607226
148 52.922302 0.000000 43.626949
2165 49.563813 12.897828 6.448914
2484 41.206650 82.413300 45.754858
1887 0.744909 1.489817 44.665951
1888 0.863581 1.727163 42.337499
1201 45.312500 0.000000 100.000000
771 43.750000 0.000000 100.000000
2374 44.757115 0.000000 89.081326
612 88.175329 23.649341 22.497920
990 84.088356 31.823288 33.856735
673 79.427243 41.145515 64.547173
2365 27.752642 0.000000 94.054079
834 93.478261 13.043478 93.478261
2320 58.959455 0.000000 41.649369
1330 88.329431 23.341138 20.875453
1980 21.449079 42.898157 71.132827
1998 20.400752 40.801504 71.138446
2166 46.557268 12.714375 6.357188
2456 28.141855 56.283711 46.336904
2500 28.926613 57.853226 46.061400
2433 28.316165 56.632329 49.710691
2264 44.256245 0.000000 58.566690
2625 46.224780 37.293393 18.646696
2641 44.615014 42.153106 21.076553
684 32.432432 64.864865 32.432432
2736 33.942204 50.816232 25.408116
76 7.551766 0.000000 4.779123
1901 9.209775 0.000000 3.906635
2167 80.176531 39.646937 31.165484
720 98.281627 3.436746 92.163913
2669 99.042712 1.914576 93.694240
358 29.313427 24.403853 12.201926
2168 28.868666 40.599006 20.299503
2321 88.524590 0.000000 0.000000
2761 92.000578 15.998845 16.252956
394 54.550879 0.000000 47.805509
2315 53.862290 0.000000 35.784233
2316 55.151277 0.000000 36.454147
2323 56.002685 0.000000 41.643637
2833 82.952309 0.000000 81.254947
17 12.581285 25.162570 35.778534
2457 13.647471 27.294941 36.042430
2458 12.931993 25.863987 34.658369
884 61.423261 77.153479 60.264422
615 35.937500 0.000000 100.000000
2371 35.878848 0.000000 89.260830
2459 12.042470 24.084941 34.212212
1211 11.435732 22.871463 34.925922
2324 57.561139 0.000000 38.971170
2325 56.775019 0.000000 40.914668
2426 74.656780 50.686440 67.083202
2533 91.910080 16.179839 74.318926
2518 92.195156 15.609687 75.194566
246 0.000000 0.000000 57.894737
2379 6.252703 5.331114 97.334443
2380 5.204815 7.041790 96.479105
592 40.091534 16.125934 91.937033
588 42.187500 0.000000 100.000000
2699 47.920568 95.841136 50.316072
0 83.442821 33.114358 73.602605
2064 89.135755 21.728490 28.982671
2479 38.717317 77.434634 44.253130
2066 39.686396 79.372792 45.036863
2502 39.201741 78.403482 43.593199
2559 76.369056 47.261887 24.925344
967 10.469767 20.939533 73.643000
1999 10.394251 20.788502 74.864225
1988 11.001791 22.003583 73.873210
1096 9.569456 19.138912 75.379448
2000 10.000340 20.000680 75.841792
1882 8.435387 16.870774 25.709224
1231 12.744927 25.489855 44.144974
1234 14.329968 28.659936 42.580785
2671 99.279098 1.441804 78.805997
909 82.033503 35.932995 32.308876
2172 82.660002 34.679996 30.873974
2173 81.567579 36.864842 31.462947
908 80.424679 39.150642 32.967450
2174 80.977700 38.044599 31.352064
2527 73.640134 52.719731 60.970227
1889 0.000000 0.000000 31.578947
914 1.293382 2.586765 56.321525
2514 90.994882 18.010237 74.949579
247 9.279111 0.000000 57.101082
2033 38.527409 77.054817 46.076534
2743 22.747469 45.494938 28.639308
372 9.465313 18.930626 85.539183
183 21.631883 43.263766 33.325778
2700 47.163304 94.326608 49.410643
2701 46.159118 92.318237 49.270129
123 6.597638 13.195276 24.081747
35 30.027346 0.000000 81.358272
2274 28.544135 0.000000 74.741006
1449 95.652174 8.695652 95.652174
2462 14.232325 28.464650 37.164598
1411 57.631807 84.736385 51.417668
2027 32.817892 65.635785 47.429347
2437 33.466423 66.932847 49.255368
2829 79.460493 0.000000 85.152308
2731 76.644366 46.711268 31.325405
2275 27.584540 0.000000 73.558337
2536 75.666725 48.666549 63.314447
2534 74.621945 50.756110 62.833779
1261 56.146947 87.706106 53.319431
2265 37.145128 0.000000 65.611846
2283 1.562500 0.000000 100.000000
1872 2.050159 0.593898 99.703051
742 54.172376 57.621365 28.810682
2182 53.524511 46.611854 23.305927
2692 8.207842 16.415684 22.133765
1943 100.000000 0.000000 95.238095
129 91.858729 16.282542 23.752280
589 85.869196 10.842867 5.421433
2560 86.363636 27.272727 13.636364
220 24.000000 48.000000 76.000000
801 78.447502 43.104995 35.371626
2361 42.613430 0.000000 84.117825
2382 43.129054 0.000000 87.357497
2375 43.589826 0.000000 90.291831
2649 10.048782 20.097564 26.464689
2230 6.981717 13.963433 46.906197
2228 7.338522 14.677044 45.310784
2702 18.077836 36.155672 67.921125
2358 37.441718 0.000000 85.679972
1891 0.405087 0.810174 33.882906
2032 37.112118 74.224235 46.416313
2439 36.475281 72.950562 48.510199
1937 76.152716 0.000000 92.678467
1921 76.689783 0.000000 95.389908
2623 29.718902 59.437804 41.319056
2624 28.153859 56.307719 41.645231
2105 29.636589 40.616231 20.308115
2226 3.756334 7.512667 50.393065
1965 96.885156 6.229687 93.940477
2326 52.934404 0.000000 35.342209
1376 14.717839 29.435678 15.783990
617 7.719090 15.438180 80.728070
2791 96.440962 1.829428 99.085286
2144 62.121212 75.757576 37.878788
2177 61.115857 62.966093 31.483047
2004 77.989798 22.569718 88.715141
2005 79.077763 30.516498 84.741751
1940 67.672950 0.000000 79.765530
1947 68.836902 0.000000 84.574355
902 90.742379 18.515242 28.449845
1982 68.750000 0.000000 100.000000
2562 84.848485 30.303030 15.151515
2561 83.333333 33.333333 16.666667
1987 80.434783 39.130435 80.434783
2006 81.106946 28.195149 85.902425
280 46.945514 16.869284 91.565358
2394 46.967298 8.240535 95.879733
2392 47.765410 8.952446 95.523777
2069 73.333320 53.333359 37.882593
2328 60.333362 0.000000 43.510364
2070 67.413985 65.172030 39.560751
2071 66.705815 66.588370 40.508825
2329 86.885246 0.000000 0.000000
2427 65.780953 68.438094 60.440745
195 74.242424 51.515152 25.757576
2313 71.438705 19.418087 9.709044
2330 70.628246 21.858351 10.929176
2277 33.241092 0.000000 69.656918
1084 82.596713 15.388391 7.694196
2331 80.327869 0.000000 0.000000
276 49.986343 0.000000 86.340378
772 8.873554 17.747108 76.875769
1989 8.800882 17.601765 77.582228
2009 9.248477 18.496954 76.812593
2840 73.199786 0.000000 98.338394
2010 71.875000 0.000000 100.000000
2628 8.843487 17.686975 24.310025
2278 17.747061 0.000000 91.710195
2256 18.716072 0.000000 91.239353
1892 7.507812 15.015624 78.064167
2012 55.811735 18.809520 90.595240
2213 100.000000 0.000000 19.047619
2372 34.866800 0.000000 92.139329
2386 34.127150 0.000000 90.766138
2563 78.141674 43.716652 26.416195
2545 76.535009 46.929981 27.692526
2013 52.381750 0.000000 90.370595
2014 51.347781 0.000000 89.561273
912 82.012054 35.975891 34.401023
671 48.648649 97.297297 48.648649
528 47.297297 94.594595 47.297297
1902 10.365563 0.000000 2.579027
1949 10.951560 0.000000 2.876355
709 93.004430 13.991139 22.705569
2703 21.098273 42.196547 66.357924
69 96.134747 7.730507 68.867045
2180 92.394863 15.210274 23.411163
2790 23.300434 19.600335 90.199833
2564 81.818182 36.363636 18.181818
2072 52.847460 63.330230 31.665115
2048 51.746270 65.340424 32.670212
2045 53.935629 68.670799 34.335399
2073 53.388889 65.848684 32.924342
2334 85.245902 0.000000 0.000000
2428 66.668453 66.663093 61.469425
2181 83.483706 33.032588 30.548065
2523 56.473213 87.053573 51.734202
2537 55.473174 89.053652 51.356186
2068 8.993849 17.987699 72.948958
2679 92.711705 14.576590 26.503718
2682 92.705265 14.589470 27.265600
1950 85.937500 0.000000 100.000000
1951 87.500000 0.000000 100.000000
2057 59.090909 81.818182 40.909091
739 52.329671 54.068337 27.034169
2183 52.870970 44.324779 22.162390
2050 90.683068 18.633865 27.338496
2075 90.245712 19.508576 28.023345
127 7.801112 15.602225 25.406868
2768 25.746200 20.547243 10.273621
2770 25.091799 24.102621 12.051311
1968 48.437500 0.000000 100.000000
2007 46.875000 0.000000 100.000000
2348 48.335882 0.000000 91.774368
2076 87.351250 25.297500 30.627134
29 7.892266 15.784532 77.100931
2388 36.754772 0.000000 87.539355
2074 71.950871 56.098258 38.769871
1335 69.777342 0.000000 91.240227
1948 69.969770 0.000000 84.249281
1898 43.434350 0.000000 10.065796
2796 97.201706 2.096817 1.048409
1893 1.175168 2.350336 51.876633
2429 90.651012 18.697976 76.915143
2281 2.933476 0.000000 87.902490
2565 78.787879 42.424242 21.212121
2566 80.303030 39.393939 19.696970
2652 43.283073 68.615159 34.307580
2530 50.155106 82.847717 41.423858
2124 52.036057 43.089256 21.544628
1340 13.712288 27.424576 72.503319
2762 92.419651 15.160698 16.100919
2672 99.020485 1.959030 67.104741
2034 80.197997 39.604006 35.369811
2063 28.901937 57.803874 47.860814
2658 98.334897 3.330205 94.247645
2279 46.462151 0.000000 34.607363
2017 65.625000 0.000000 100.000000
1969 50.000000 0.000000 100.000000
2744 35.197095 48.774785 24.387392
2187 39.627011 22.699787 11.349893
2176 32.430773 27.780073 13.890037
199 69.547349 26.315143 13.157571
2335 69.060292 12.043373 6.021687
2079 70.825591 58.348818 38.690064
2336 52.648393 0.000000 12.251762
2766 22.362308 18.714343 9.357172
2390 45.682868 0.000000 89.616522
2772 9.363544 7.849429 3.924714
2704 7.373309 14.746617 80.424639
1890 7.204320 14.408639 80.191061
2043 30.290802 60.581605 47.723852
2451 29.900254 59.800508 45.926919
526 44.539244 55.067700 27.533850
1878 8.358518 16.717035 76.996077
2189 25.698380 51.396760 26.682157
2080 89.930109 20.139782 28.117984
2169 71.212121 57.575758 28.787879
2602 71.697994 56.604013 29.644957
935 65.573770 0.000000 0.000000
2065 89.601718 20.796563 28.238189
890 49.496938 29.249023 14.624512
2110 51.064206 17.567739 8.783870
2171 50.456322 13.628160 6.814080
2161 52.029609 18.395039 9.197520
2570 51.179717 24.772868 12.386434
2185 67.808958 64.382083 35.342464
2192 59.394171 55.718747 27.859374
2605 59.339900 6.750429 3.375215
2606 59.695102 9.909837 4.954918
2592 61.228502 32.695894 16.347947
2191 59.975882 61.754602 30.877301
2113 65.151515 69.696970 34.848485
2572 68.091637 33.193720 16.596860
2179 64.242826 27.950848 13.975424
2610 65.001424 40.423927 20.211964
2111 67.268252 42.425454 21.212727
2547 66.133556 48.487544 24.243772
2633 47.666696 33.344033 16.672017
2740 36.261807 48.304812 24.152406
2685 36.486486 72.972973 36.486486
2551 54.919777 22.517142 11.258571
2621 54.060217 23.330722 11.665361
2132 55.379629 12.400521 6.200261
2554 63.554997 40.145066 20.072533
2614 64.355200 40.636447 20.318223
2137 63.058518 27.361173 13.680587
1995 70.312500 0.000000 100.000000
2112 69.696970 60.606061 30.303030
2576 70.019565 44.933538 22.466769
1875 3.125000 0.000000 100.000000
2284 2.363336 1.733239 99.133380
2285 3.199961 1.236252 99.381874
2290 2.904670 0.000000 95.048791
2292 3.894755 1.018075 99.490963
1952 2.702703 5.405405 2.702703
1953 2.686959 1.442837 0.721418
2338 98.153704 1.025424 0.512712
2081 8.153835 16.307670 77.228201
2082 8.589825 17.179650 76.898369
2084 8.961080 17.922161 76.136675
2085 9.088196 18.176392 75.491772
2086 9.260627 18.521255 75.044537
2087 8.595969 17.191939 74.946982
2464 8.114156 16.228313 25.225849
632 8.071602 16.143205 78.445302
2805 20.948556 12.110221 6.055111
1906 98.437500 0.000000 100.000000
2792 98.089284 1.240450 99.379775
2806 13.912849 4.751063 2.375532
2807 16.171294 9.038249 4.519124
2808 15.011644 7.508925 3.754463
2812 20.256349 13.278294 6.639147
2810 19.264193 12.444487 6.222244
2773 5.232329 6.776482 3.388241
1927 6.756757 13.513514 6.756757
2816 5.950251 4.946185 2.473092
2817 6.520690 6.020628 3.010314
1930 9.459459 18.918919 9.459459
1942 8.108108 16.216216 8.108108
2820 7.162378 5.932147 2.966074
2819 7.622418 7.587760 3.793880
2776 8.263720 12.454925 6.227462
2777 7.518037 9.775634 4.887817
1876 3.555593 3.320618 1.660309
2778 4.543406 4.859975 2.429988
2813 3.609818 1.190864 0.595432
2793 97.307833 1.854426 99.072787
1981 14.487819 28.975638 71.357163
2008 11.976727 23.953453 72.709883
2717 11.920100 23.840200 73.482102
2719 12.237665 24.475331 72.973376
2707 13.182992 26.365985 72.101360
1971 18.185842 36.371685 71.179123
2393 49.189931 0.000000 94.528686
2018 50.724156 0.000000 93.975413
2709 8.207079 16.414157 79.529014
2712 8.688510 17.377021 78.143421
2715 10.137884 20.275768 76.280902
2716 9.840719 19.681437 76.539209
2016 9.637479 19.274959 76.400059
2384 46.283267 7.140408 96.429796
2706 12.465717 24.931434 72.430369
2721 9.678662 19.357324 76.823312
2466 43.243243 86.486486 43.243243
2465 44.729798 89.459596 46.436625
2495 34.165033 68.330067 45.390524
2494 34.813155 69.626310 45.452284
2044 31.559179 63.118358 47.631428
2472 32.299183 64.598366 49.003962
2471 33.216917 66.433835 45.511748
2473 32.139521 64.279041 46.014183
2475 46.701903 78.084902 39.042451
2474 47.231794 87.246430 43.623215
2477 37.835149 75.670298 47.808341
2481 39.685583 79.371166 46.719814
2480 39.013856 78.027712 47.807777
2497 39.873651 79.747303 43.017245
2498 40.583124 81.166249 42.645251
2485 41.217800 82.435599 42.801157
2061 40.700506 81.401012 44.222061
2490 31.651905 63.303811 49.367165
2489 30.970770 61.941540 46.156119
2491 31.554617 63.109233 45.860025
2493 35.574995 71.149989 44.718872
2496 34.463551 68.927102 49.116615
2499 40.558762 81.117523 45.938336
2503 40.226199 80.452399 46.474582
2567 75.170349 49.659302 28.644750
1475 28.378378 56.756757 28.378378
2571 51.885674 10.935137 5.467569
2569 51.336978 8.426207 4.213104
2573 67.589452 56.364418 28.182209
2575 68.181818 63.636364 31.818182
2577 70.418047 59.163906 30.362322
2824 12.676838 11.847520 5.923760
2579 56.001707 19.376290 9.688145
2578 55.737705 0.000000 0.000000
2581 57.377049 0.000000 0.000000
2582 57.855789 6.941018 3.470509
2150 62.060838 27.243268 13.621634
2584 62.579196 37.472311 18.736156
2585 63.363321 14.437429 7.218714
2613 64.099146 14.394434 7.197217
2170 58.796870 15.031148 7.515574
2587 57.902049 23.544399 11.772200
2588 57.149279 22.570174 11.285087
2607 58.833182 23.053717 11.526859
2589 58.535395 8.811162 4.405581
2163 45.016385 11.596357 5.798179
2590 61.748933 39.188377 19.594188
2595 61.664660 12.063890 6.031945
2184 59.604443 17.815274 8.907637
2596 60.358958 12.084217 6.042109
2594 61.102771 11.188554 5.594277
2186 53.121827 15.212810 7.606405
2619 53.516335 22.339592 11.169796
2601 52.538561 10.286700 5.143350
2603 71.549746 46.977009 23.488504
2604 72.727273 54.545455 27.272727
2608 73.591279 52.817441 27.025476
2611 64.856013 15.189457 7.594729
2615 59.169960 25.128795 12.564398
2616 60.078560 9.952332 4.976166
2617 53.196677 6.890515 3.445257
2618 53.765620 8.953064 4.476532
2209 99.048500 1.903001 39.212010
2231 6.719516 13.439032 26.980309
2287 6.306721 0.000000 97.809438
2763 51.207361 0.000000 40.185532
2318 67.469470 0.000000 6.246387
2794 74.372287 19.332275 9.666137
2795 73.809901 22.883514 11.441757
2460 12.477639 24.955277 34.405087
2486 41.813575 83.627150 43.146481
2521 89.482603 21.034794 72.689565
2642 44.140093 39.344876 19.672438
2661 98.866994 2.266012 65.362466
2804 99.394984 1.210033 67.267657
2708 12.782443 25.564885 72.358758
2825 12.842674 10.747447 5.373724
2774 6.144225 8.694197 4.347099
2775 6.999916 10.097564 5.048782
2818 6.951679 6.365195 3.182597
2780 11.308759 14.430883 7.215441
2782 13.644041 17.801225 8.900612
2814 13.574407 13.341045 6.670523
2811 18.239306 10.729666 5.364833
2835 83.919269 0.000000 78.725249
