236 13.333333 26.666667 86.666667
2582 13.917554 27.835109 80.868169
2585 11.044366 22.088732 82.848305
141 64.098688 21.333796 89.333102
729 63.014562 16.765471 91.617264
503 68.315394 15.520495 92.239753
216 35.517449 71.034898 57.998874
330 36.701952 73.403904 52.714875
674 33.213106 66.426212 55.751115
111 67.855844 56.074872 71.962564
636 68.848953 53.108205 73.445898
398 69.614183 53.564240 73.217880
62 88.715494 22.569011 66.702450
457 86.857974 26.284053 58.005810
470 82.649743 34.700514 61.276159
140 67.289905 0.000000 68.399231
602 64.535155 0.000000 63.533371
2176 70.885414 0.000000 60.848237
706 100.000000 0.000000 68.421053
2667 96.293706 7.412589 69.982099
2666 97.382601 5.234798 72.276524
2550 93.997641 12.004717 72.956855
2571 93.670791 12.658418 68.032102
2665 91.578516 16.842967 69.835216
262 92.239924 15.520153 80.310894
2653 96.621657 6.756685 76.338404
343 43.373090 53.139700 26.569850
626 44.391822 57.485062 28.742531
2006 46.254993 54.564323 27.282161
175 14.057880 14.498236 7.249118
346 19.618830 13.858571 6.929285
1751 15.169021 11.055497 5.527749
160 81.841271 36.317459 48.640189
569 76.705068 46.589864 37.718685
588 77.040219 45.919561 47.219862
128 71.612718 48.699525 75.650238
2081 70.824260 50.161281 74.919359
397 70.553611 49.722661 75.138670
99 56.168231 48.842490 75.578755
2301 56.498422 44.171960 77.914020
375 59.204531 43.035552 78.482224
77 38.595551 33.176339 16.588170
662 35.626549 35.030446 17.515223
709 39.831294 37.850655 18.925327
270 72.176224 0.000000 6.367218
510 81.818182 0.000000 0.000000
1917 79.419800 0.000000 6.765838
82 24.032539 48.065078 54.550629
2030 22.236863 44.473726 52.671613
570 21.618479 43.236958 57.288461
91 68.029663 58.433633 29.216816
455 68.421053 63.157895 31.578947
2298 70.455463 56.213323 28.106662
72 11.460269 22.920538 20.749580
733 10.180982 20.361965 16.659054
445 9.837910 19.675819 22.422292
101 67.656297 30.908036 84.545982
412 64.497280 33.300720 83.349640
653 65.711912 30.427914 84.786043
181 38.302989 26.389286 13.194643
424 31.381323 23.900362 11.950181
394 34.450869 30.237478 15.118739
251 46.666667 93.333333 53.333333
2682 49.914669 93.393433 53.303284
1632 50.000000 100.000000 50.000000
331 65.336718 0.000000 32.905751
2215 68.810410 0.000000 33.229261
717 65.296741 0.000000 37.027742
1529 63.367766 36.360805 81.819597
2003 62.044782 35.457006 82.271497
155 43.609350 14.784826 7.392413
565 37.827657 17.830667 8.915334
453 41.921763 21.435685 10.717843
448 89.473684 21.052632 10.526316
2702 94.335862 11.328275 20.535089
2703 95.799137 8.401727 18.903113
104 37.422969 0.000000 5.972555
2050 31.724883 0.000000 9.743305
421 27.681577 0.000000 4.881384
127 48.690344 46.226942 23.113471
528 51.609553 42.808934 21.404467
345 47.254455 39.811704 19.905852
187 17.670806 35.341611 39.550540
461 17.248465 34.496930 44.226485
597 19.325025 38.650050 42.923928
348 76.315789 47.368421 23.684211
423 79.907008 40.185985 37.470216
2676 83.008093 33.983813 38.312017
17 16.934111 0.000000 7.822170
309 25.870897 0.000000 10.631660
1464 22.747279 0.000000 15.950812
55 4.761905 9.523810 4.761905
289 7.788287 15.576575 13.055076
501 7.142857 14.285714 7.142857
220 66.266262 56.721133 28.360567
2162 64.390114 60.173104 30.086552
323 65.470565 62.619916 31.309958
2475 53.637170 50.880100 74.559950
2500 53.521291 49.579384 75.210308
12 73.809813 42.653128 78.673436
442 74.008355 39.636075 80.181963
666 75.808667 39.223982 80.388009
657 70.497212 35.970439 82.014781
2626 71.506996 36.194246 81.902877
686 70.457508 37.824477 81.087762
502 44.581623 89.163246 49.785564
2679 46.192140 92.384280 51.609980
167 73.333333 53.333333 73.333333
399 73.569475 50.082404 74.958798
372 76.666667 46.666667 76.666667
242 37.099600 20.446075 89.776963
598 28.507899 23.738941 88.130530
511 34.197526 11.320250 94.339875
172 44.340227 0.000000 59.761854
730 48.230007 0.000000 62.937788
702 41.144064 0.000000 66.990573
15 52.002845 64.393639 67.803181
406 48.871830 76.169288 61.915356
400 46.155307 68.089372 65.955314
276 39.572514 46.787835 76.606083
481 46.434469 46.941889 76.529056
2477 41.717428 52.761688 73.619156
1795 36.319873 21.496153 10.748076
267 81.675616 0.000000 28.909083
487 73.950761 0.000000 31.186723
516 77.418064 0.000000 23.545075
66 66.133053 39.718049 80.140975
498 64.339163 39.974077 80.012961
493 67.158864 36.640655 81.679672
70 100.000000 0.000000 42.105263
377 100.000000 0.000000 47.368421
680 94.503997 0.000000 44.360571
86 33.880820 40.611484 79.694258
629 40.519218 36.657345 81.671328
1995 36.721522 43.188120 78.405940
296 12.183828 24.367655 51.686184
2263 9.308798 18.617595 53.052638
404 9.555907 19.111813 62.406572
54 52.686629 37.702789 18.851395
668 56.513461 37.743154 18.871577
354 55.924814 34.608611 17.304306
41 32.722071 65.444142 51.332152
582 29.539028 59.078057 49.531936
508 29.629478 59.258956 55.085297
478 23.333333 46.666667 76.666667
1603 24.479783 48.959566 71.315832
2597 22.664419 45.328837 72.272758
107 4.976348 0.000000 23.234296
386 8.858701 0.000000 34.576228
315 0.000000 0.000000 40.000000
25 42.857143 85.714286 42.857143
731 40.476190 80.952381 40.476190
488 38.389302 76.778605 42.600647
137 14.611462 29.222925 45.718312
575 14.867424 29.734847 50.939979
689 17.013580 34.027159 49.736000
26 42.579109 47.792906 23.896453
2306 45.264204 50.983122 25.491561
446 46.023282 48.207841 24.103920
79 75.966581 32.609581 83.695210
566 75.480212 35.304778 82.347611
714 74.407414 35.224222 82.387889
180 20.189048 33.570539 16.785269
1974 16.666667 33.333333 16.666667
581 19.047619 38.095238 19.047619
623 87.887613 24.224774 50.150405
2670 90.105667 19.788666 58.730640
2552 93.058201 13.883598 59.403739
2554 95.143871 9.712258 57.421268
2553 92.776493 14.447013 63.558230
2672 95.705480 8.589039 66.460586
621 77.233583 45.532834 60.754170
206 55.552724 41.257145 79.371428
382 53.366839 46.988304 76.505848
84 59.588466 54.890748 27.445374
376 57.279460 59.941169 29.970584
2677 59.875339 57.468650 28.734325
248 30.703937 0.000000 82.547877
724 29.502351 0.000000 78.240721
405 37.928675 0.000000 77.074113
353 61.974553 30.285175 15.142587
1805 60.930854 26.845479 13.422740
2303 57.961951 30.996273 15.498136
188 26.952288 53.904577 39.110867
518 25.017558 50.035116 40.295665
600 26.947011 53.894022 42.771664
48 52.774842 51.345667 25.672834
269 56.440564 50.004603 25.002302
590 54.390805 47.582692 23.791346
173 30.196494 60.392988 32.242408
589 28.571429 57.142857 28.571429
2598 29.157681 58.315363 31.802644
3 47.129436 23.700496 11.850248
634 47.498602 28.663780 14.331890
466 52.545089 25.179404 12.589702
95 16.973640 33.947280 68.775582
552 13.391446 26.782892 66.757830
2583 14.264193 28.528386 72.277581
2584 16.115681 32.231362 73.277529
250 74.548978 17.896486 8.948243
606 78.077055 12.510158 6.255079
420 68.979240 15.809014 7.904507
117 59.943793 34.792618 17.396309
143 66.040525 44.147852 77.926074
659 66.525762 45.886321 77.056839
320 64.343592 48.466246 75.766877
735 43.417342 26.267739 13.133869
28 24.904783 49.809565 43.948600
2296 24.710547 49.421095 46.630502
415 26.661680 53.323361 47.091044
49 17.653947 0.000000 33.887821
452 18.503367 0.000000 44.588910
2439 11.903869 0.000000 41.425646
100 21.428571 42.857143 21.428571
303 18.846766 37.693533 21.289502
456 20.789511 41.579022 24.774747
34 52.631579 94.736842 47.368421
254 51.713368 85.561879 42.780940
459 50.194226 92.715417 46.357708
235 50.380208 61.742865 30.871432
318 49.580971 56.337529 28.168765
703 48.173692 60.652881 30.326440
2558 93.144472 13.711057 51.426527
245 48.090543 51.210839 25.605420
671 50.391157 49.666207 24.833104
684 32.913538 48.695818 75.652091
469 76.097610 0.000000 64.028381
441 55.166852 64.437649 32.218824
2531 56.667467 64.770651 32.385325
129 57.995230 64.260037 32.130019
2532 57.156955 66.785987 33.392993
71 48.766125 80.746840 40.373420
556 49.389532 74.720805 37.360402
363 46.809484 74.329304 37.164652
118 72.584611 34.242060 82.878970
426 72.207311 32.037409 83.981296
2627 73.931515 31.882703 84.058649
50 29.087764 39.917207 19.958603
379 25.808255 43.985734 21.992867
492 30.633617 45.476696 22.738348
149 41.123902 56.352636 28.176318
473 37.847154 57.291242 28.645621
649 40.544942 61.501226 30.750613
2186 45.158902 8.887873 4.443936
579 38.468914 9.268264 4.634132
174 97.384567 0.000000 30.502780
389 93.647432 0.000000 37.155312
635 93.642254 0.000000 29.179436
108 31.756300 0.000000 70.522707
395 22.459525 0.000000 77.317783
543 22.518462 45.036924 24.823165
176 23.026664 36.104570 81.947715
2478 20.000000 40.000000 80.000000
433 16.666667 33.333333 83.333333
349 52.518233 31.808223 15.904111
1643 49.901727 35.800022 17.900011
497 19.642121 39.284242 38.974683
520 33.333333 0.000000 100.000000
2608 25.209521 7.452063 96.273969
419 25.000000 0.000000 100.000000
47 25.049690 15.876914 92.061543
2470 17.693745 13.174275 93.412862
1790 24.490631 0.000000 69.142665
74 20.148628 40.297256 35.921767
574 21.495984 42.991968 38.736865
2235 21.646223 43.292445 36.067426
644 46.117930 79.726424 39.863212
305 41.435754 77.637168 38.818584
601 43.709119 81.406832 40.703416
197 9.523810 19.047619 9.523810
132 90.909091 0.000000 0.000000
2603 85.175747 3.381009 1.690505
1721 87.338543 7.950373 3.975186
183 81.257080 27.011880 86.494060
2683 83.093857 23.988651 88.005674
463 84.231369 24.058083 87.970958
119 56.479463 27.637532 13.818766
1722 58.441186 23.358279 11.679140
212 15.982835 31.965670 53.209019
587 16.046138 32.092276 56.872570
2277 17.441620 34.883240 54.146165
213 21.182003 42.364006 31.446187
571 20.801040 41.602081 28.346519
364 18.972069 37.944138 30.305223
449 54.827105 54.690811 27.345405
258 51.582514 76.910089 38.455045
1877 51.037173 71.607352 35.803676
151 44.562015 76.210036 38.105018
68 33.333333 66.666667 66.666667
627 36.666667 73.333333 63.333333
332 31.494578 62.989157 61.624377
16 34.550114 0.000000 55.316666
2688 40.003107 0.000000 52.760668
1374 41.094713 0.000000 55.840396
219 58.215492 0.000000 12.254082
351 63.139290 0.000000 6.173351
577 65.099816 0.000000 11.195415
22 60.700846 38.646428 80.676786
485 62.345815 39.718439 80.140781
2304 55.784493 0.000000 8.782707
291 77.887623 28.501800 85.749100
2183 78.866867 29.258143 85.370928
2479 0.000000 0.000000 30.000000
2480 0.000000 0.000000 20.000000
572 2.188539 4.377078 42.124392
2482 1.383208 2.766416 36.016106
361 23.809524 47.619048 23.809524
88 8.917563 17.835125 44.198295
310 6.463312 12.926625 36.139045
693 5.127905 10.255809 43.301640
5 69.902313 49.405734 75.297133
274 70.646861 46.563881 76.718059
551 71.306857 47.568333 76.215833
142 95.723550 0.000000 53.268649
675 100.000000 0.000000 52.631579
458 100.000000 0.000000 57.894737
237 59.435123 61.821543 69.089229
321 62.572165 57.590966 71.204517
1873 61.784667 60.775977 69.612012
719 19.218728 19.741038 9.870519
316 42.711122 0.000000 42.636482
366 45.023621 0.000000 50.185738
2269 39.343981 0.000000 49.699870
164 70.931313 43.369603 78.315199
2637 70.941861 41.175179 79.412410
226 72.553602 39.264519 80.367741
2 70.255479 40.491026 79.754487
2638 71.559899 39.417683 80.291158
42 61.377788 47.658914 76.170543
632 63.568910 46.631449 76.684276
2211 62.147976 49.410681 75.294660
555 92.075291 0.000000 59.879449
96 64.047816 52.555392 73.722304
2159 61.311696 56.208290 71.895855
438 61.725506 52.501369 73.749315
255 72.497977 14.633319 92.683340
708 73.797899 16.768679 91.615661
725 69.388120 18.625942 90.687029
116 18.501780 37.003560 58.294316
322 16.158335 32.316670 62.191386
223 31.954617 57.415226 28.707613
2631 31.985789 59.800750 29.900375
690 51.375712 0.000000 12.270241
78 43.520271 87.040543 53.321024
1996 40.836924 81.673847 51.959927
205 11.012507 0.000000 96.518157
559 10.184005 0.000000 90.905422
505 19.878531 0.000000 91.685364
126 29.247771 58.495543 45.058078
392 32.005519 64.011038 46.925805
374 31.435404 62.870808 42.902293
63 67.542950 11.161625 94.419187
507 73.350068 10.602815 94.698593
564 100.000000 0.000000 78.947368
2656 96.109779 7.780442 79.854575
194 61.243385 0.000000 40.143198
2221 61.031412 0.000000 35.930389
51 51.544301 43.895115 78.052442
1525 50.250229 40.588221 79.705889
383 67.977684 6.086613 3.043306
604 61.258045 10.395436 5.197718
639 67.088233 11.123718 5.561859
225 66.157547 41.182429 20.591215
1984 63.878446 41.601090 20.800545
356 64.394176 44.610818 22.305409
260 64.246588 22.052827 11.026413
300 63.934667 43.473550 78.263225
81 36.733998 66.563735 33.281868
214 37.452618 61.957147 30.978573
454 34.328571 61.125884 30.562942
1955 61.781091 0.000000 73.423495
407 57.353831 0.000000 68.843914
2481 24.393050 40.094465 79.952767
312 90.382399 0.000000 71.529443
512 100.000000 0.000000 73.684211
391 92.492972 0.000000 9.448566
272 81.342514 0.000000 13.393265
286 92.009109 0.000000 24.860217
701 88.127336 0.000000 24.408720
718 93.105791 0.000000 17.334056
85 41.483238 0.000000 33.963505
2377 46.235312 0.000000 36.617151
59 32.165635 17.924763 8.962382
2250 25.610518 18.595743 9.297871
46 57.011114 0.000000 60.918853
2691 52.496882 0.000000 64.650306
2692 52.373752 0.000000 60.807614
261 47.515705 0.000000 69.743363
23 72.727273 0.000000 0.000000
622 75.438310 4.162399 2.081200
52 83.827740 19.992756 90.003622
434 85.413977 20.151839 89.924080
669 81.473002 24.732803 87.633598
429 54.473330 83.589805 41.794902
738 53.531679 79.415220 39.707610
295 45.918299 27.413668 86.293166
2026 38.532179 28.527419 85.736290
740 44.407530 20.187283 89.906359
266 81.326777 34.999261 82.500370
722 80.627614 33.764612 83.117694
2384 83.881088 29.342296 85.328852
103 16.924052 7.047166 3.523583
253 34.674765 39.683112 19.841556
440 38.956601 43.299589 21.649795
1512 57.262312 54.561164 27.280582
2173 56.021062 57.004046 28.502023
2654 95.577535 8.844930 83.821633
10 71.149177 52.913257 73.543372
1652 72.028951 53.413425 73.293288
396 70.063817 57.324704 71.337648
169 75.980979 28.438445 85.780778
393 74.354915 27.057728 86.471136
409 78.447179 23.617647 88.191176
271 68.587288 51.808546 74.095727
7 68.724647 49.679943 75.160029
2542 52.442307 55.384130 27.692065
1816 52.322070 58.873825 29.436913
2543 53.842109 57.167636 28.583818
0 0.000000 0.000000 70.000000
432 0.000000 0.000000 60.000000
720 7.381259 0.000000 60.450975
732 34.431943 0.000000 47.599795
2236 35.684582 0.000000 40.700089
268 78.199988 0.000000 42.954530
721 76.332642 0.000000 36.410829
1584 82.054346 0.000000 35.871991
2203 35.755466 44.243416 22.121708
35 62.387733 63.186294 31.593147
711 63.435895 58.165074 29.082537
98 88.152447 0.000000 31.433784
387 85.896376 28.207248 74.804783
60 63.797807 59.409208 70.295396
612 65.055882 54.775387 72.612307
2111 69.382553 31.300466 84.349767
307 67.384564 33.851859 83.074071
340 51.971204 47.057677 23.528838
365 78.086164 28.426304 14.213152
550 75.827759 32.214747 16.107373
2415 79.856516 29.592618 14.796309
713 0.000000 0.000000 10.000000
2505 4.474538 0.000000 11.868221
45 18.388819 36.777638 25.083475
178 27.734482 0.000000 44.022309
1836 22.379709 0.000000 49.281606
148 71.281088 24.935291 87.532354
293 71.077332 28.166339 85.916830
726 69.524832 27.996543 86.001729
298 60.121646 6.619959 96.690021
1756 55.418458 13.141878 93.429061
2398 52.960845 7.421195 96.289403
369 66.977223 50.214826 74.892587
1493 67.092315 52.865873 73.567064
230 26.666667 53.333333 73.333333
1954 28.733268 44.501398 77.749301
352 72.488654 36.740007 81.629996
2559 74.289120 34.625642 82.687179
672 58.199784 40.736309 79.631846
2556 73.812503 36.841102 81.579449
31 13.646845 27.293689 59.044154
373 75.074445 31.747271 84.126364
1704 74.293831 33.928757 83.035621
2628 73.650354 33.921285 83.039357
716 65.587297 34.243943 82.878028
57 72.101949 36.225565 18.112783
443 72.450199 31.756020 15.878010
527 68.136122 37.443725 18.721863
232 57.278716 18.411505 90.794247
519 59.319207 21.985817 89.007092
238 39.869829 79.739658 47.407500
408 44.033148 88.066295 46.581470
67 35.144244 53.561375 26.780687
483 32.749903 49.807678 24.903839
616 31.807980 53.645609 26.822804
36 71.302781 30.356339 84.821830
1745 69.491792 33.219755 83.390123
2587 8.531911 17.063821 70.691078
2586 10.628650 21.257300 70.927867
198 67.812789 32.870122 16.435061
592 64.554783 32.048716 16.024358
357 63.749076 37.593519 18.796759
325 19.663767 39.327533 52.618921
1 79.250060 14.963477 92.518262
628 80.901229 17.326446 91.336777
390 76.050975 20.712555 89.643723
514 0.000000 0.000000 100.000000
692 5.757556 11.515112 12.925559
75 70.852986 0.000000 14.068706
185 80.963284 38.073433 72.805852
2648 30.278067 55.276843 27.638422
195 5.648512 11.297025 18.601529
723 3.732610 7.465220 20.411959
489 6.279141 12.558282 27.316545
728 7.532693 15.065385 22.745826
2367 7.312992 14.625983 17.950057
166 16.095401 32.190803 28.924796
625 15.577283 31.154566 32.787894
292 17.974525 35.949051 34.566862
8 53.207760 68.648455 34.324227
290 55.738837 68.428412 34.214206
43 43.316360 65.129538 32.564769
341 40.505179 67.761380 33.880690
585 43.930625 70.988558 35.494279
637 35.243344 70.486688 47.983885
677 73.227107 4.924290 97.537855
165 47.147591 33.877371 16.938685
358 38.061354 52.875654 26.437827
643 37.985101 48.139865 24.069933
2065 35.643211 50.248652 25.124326
618 51.003473 19.971204 90.014398
313 80.637171 5.573663 2.786832
193 77.101247 0.000000 58.202987
285 64.206491 0.000000 23.227285
705 62.310222 0.000000 30.484656
650 57.784177 0.000000 28.701249
161 28.994917 49.055046 24.527523
500 28.778244 52.903681 26.451840
608 40.624511 51.660152 25.830076
257 62.009667 47.801749 23.900874
1808 62.231107 44.500771 22.250385
61 7.284968 14.569936 88.115907
2588 8.920047 17.840094 81.827390
381 11.765928 23.531856 76.763391
2184 45.492212 44.825395 22.412698
20 14.408288 28.816575 35.329061
655 16.244267 32.488533 36.474274
317 50.000000 0.000000 100.000000
436 47.477054 0.000000 88.718049
614 57.714710 0.000000 87.545435
465 63.636364 0.000000 0.000000
2192 65.928400 2.771925 1.385963
244 36.350723 0.000000 25.857287
525 32.062123 0.000000 35.278354
294 26.607443 0.000000 29.642877
29 53.384179 26.425073 86.787463
153 65.789474 68.421053 34.210526
297 66.153597 67.692805 48.697117
476 69.484070 61.031860 46.821368
139 69.234806 0.000000 27.856708
529 72.610972 0.000000 20.418208
273 2.855744 5.711488 77.988399
687 2.907166 5.814332 69.022028
663 0.000000 0.000000 80.000000
496 49.007135 88.040268 44.020134
342 37.382337 0.000000 12.470300
2095 30.266635 0.000000 14.760627
284 46.742909 85.939108 42.969554
40 100.000000 0.000000 84.210526
1817 77.638405 11.648665 94.175667
593 59.707295 64.326052 32.163026
203 60.176135 68.739838 34.369919
2506 8.715799 0.000000 4.359002
347 9.090909 0.000000 0.000000
4 17.899728 0.000000 85.146451
563 12.313261 0.000000 82.082561
428 65.125492 0.000000 42.788472
633 59.029604 0.000000 44.234957
115 73.684211 52.631579 26.315789
2243 42.242914 74.599062 37.299531
278 59.968157 0.000000 49.288502
737 32.885413 43.235824 21.617912
113 55.742896 77.392680 38.696340
32 66.481383 26.742789 13.371394
418 70.619453 28.370676 14.185338
678 72.755411 23.192617 11.596308
246 62.108961 55.008912 27.504456
685 64.937828 53.867226 26.933613
344 83.120758 0.000000 59.224775
11 82.371271 29.136524 85.431738
664 79.449916 33.296857 83.351572
642 80.693607 29.626836 85.186582
425 14.285714 28.571429 14.285714
112 86.666667 26.666667 86.666667
2657 88.749815 22.500370 78.926272
2652 90.196294 19.607411 73.922745
2632 54.081256 91.837488 50.480148
2130 55.263158 89.473684 44.736842
304 45.454545 0.000000 0.000000
560 49.749633 4.896462 2.448231
707 54.545455 0.000000 0.000000
228 42.913872 42.087583 21.043791
2643 43.369558 38.945248 19.472624
1723 87.057442 0.000000 77.700014
249 52.510392 10.857184 5.428592
696 57.404721 15.128209 7.564104
2589 6.490819 12.981639 84.142680
215 56.392583 0.000000 78.992173
699 47.940771 0.000000 77.963485
2619 20.732837 6.998881 96.500560
2610 18.025559 22.128913 88.935544
24 16.887074 24.001360 12.000680
531 11.904762 23.809524 11.904762
56 19.279485 38.558971 47.293118
259 21.554560 43.109119 48.902770
2225 59.417215 50.835606 25.417803
567 11.054583 3.093059 98.453471
2625 9.020667 7.615561 96.192220
2623 3.333333 6.666667 96.666667
700 69.555945 39.954145 19.977073
2685 67.781170 40.512811 20.256405
168 74.031242 9.151721 4.575860
2644 80.021003 8.796479 4.398239
138 58.777870 56.572181 71.713909
619 56.139294 61.756826 69.121587
120 76.849834 25.654430 12.827215
337 63.009656 68.246304 34.123152
311 68.064800 50.333084 25.166542
607 70.390151 45.609726 22.804863
660 68.127775 46.241691 23.120845
308 8.625679 0.000000 50.729082
282 14.346434 0.000000 17.140665
2507 8.558166 0.000000 16.492972
462 8.838175 0.000000 9.613838
536 28.897985 57.795971 41.125729
594 54.146286 73.621645 36.810822
2031 56.726886 71.859773 35.929886
157 22.753407 45.506814 27.677250
2433 24.158768 48.317537 30.120126
513 24.474337 48.948674 28.458230
280 26.147460 52.294920 30.707552
2485 36.793860 54.310569 72.844716
2497 34.819978 52.448555 73.775722
583 47.663215 32.713683 83.643159
2360 78.791849 38.556061 80.721969
682 23.664567 38.464842 19.232421
2426 22.487253 40.850739 20.425370
102 66.666667 66.666667 66.666667
1579 66.841777 62.839122 68.580439
2033 68.393065 61.707623 69.146188
499 36.363636 0.000000 0.000000
480 37.093467 0.000000 61.903613
676 83.333333 33.333333 83.333333
2612 32.674493 28.385038 85.807481
367 27.433285 54.866571 35.340710
673 25.000091 50.000183 36.633678
13 56.267729 0.000000 34.286557
207 50.147628 0.000000 38.308618
360 50.599259 0.000000 31.560000
370 53.873425 38.912890 80.543555
2056 56.343899 37.524975 81.237513
2218 61.076136 72.826509 36.413254
617 63.157895 73.684211 36.842105
591 100.000000 0.000000 36.842105
135 89.183769 0.000000 81.531184
464 77.655809 0.000000 85.185217
679 44.277975 10.517517 94.741242
199 40.000000 80.000000 60.000000
451 43.333333 86.666667 56.666667
33 3.344294 6.688587 31.940033
506 67.014353 40.711217 79.644392
727 68.768494 40.564769 79.717615
384 68.084610 27.976504 86.011748
106 28.614011 0.000000 21.416129
630 35.260401 0.000000 18.351553
741 58.283588 67.596109 33.798055
2534 58.257857 70.482778 35.241389
335 85.344031 24.730462 87.634769
1437 18.390162 36.780324 63.403866
2312 20.193958 40.387916 61.538845
652 70.000000 60.000000 70.000000
2441 70.458713 59.082574 59.885140
540 67.010580 23.020886 88.489557
2427 62.823063 26.424725 86.787638
509 63.658715 72.682570 53.646998
69 83.900150 0.000000 66.836498
1465 74.288188 0.000000 70.658558
158 54.612523 59.520989 29.760494
645 53.074304 63.089803 31.544902
610 33.088541 63.519032 31.759516
30 72.383389 47.327992 23.663996
277 73.279153 41.459089 20.729544
27 83.826873 0.000000 47.327929
620 85.911039 0.000000 39.651729
252 89.585149 0.000000 43.166830
611 67.360884 54.700480 72.649760
2464 88.503749 0.000000 90.626994
2468 91.580558 0.000000 91.711015
2508 84.760874 0.000000 95.339154
179 41.666667 0.000000 100.000000
413 65.925348 0.000000 57.604529
2604 61.221277 0.000000 61.970945
521 22.960754 45.921509 45.485077
301 1.706231 3.412463 60.013786
1674 68.700414 57.066167 71.466916
6 67.084597 0.000000 86.621721
545 66.088044 0.000000 77.458661
275 78.065233 0.000000 76.570016
53 30.387638 60.775276 38.413717
554 34.228014 68.456028 41.143944
414 32.633618 65.267237 35.625363
19 83.932905 26.747591 13.373796
665 86.842105 26.315789 13.157895
201 66.666667 0.000000 100.000000
539 58.333333 0.000000 100.000000
200 100.000000 0.000000 63.157895
2172 93.754993 0.000000 49.028994
596 73.404646 20.262193 89.868903
89 64.813223 49.107926 24.553963
694 61.587506 51.528988 25.764494
667 20.871516 41.743033 45.350605
546 71.945726 39.385055 19.692527
1826 74.695945 36.599699 18.299850
624 72.319559 43.487575 78.256213
2371 72.201455 45.215186 77.392407
221 67.768139 45.385438 77.307281
526 68.127902 43.301412 78.349294
110 88.738503 18.350192 90.824904
2473 93.269534 10.554290 94.722855
2659 92.898640 12.410522 93.794739
2708 78.019859 0.000000 48.440025
2709 79.312296 0.000000 50.670374
90 46.829331 58.229682 29.114841
302 45.745174 62.108617 31.054308
2158 23.811297 47.622594 26.425732
241 31.925637 9.049191 4.524596
517 25.763121 5.508877 2.754439
615 26.732779 12.213746 6.106873
1524 53.970524 44.715616 22.357808
2486 26.412981 41.792724 79.103638
211 65.847966 56.016055 71.991972
109 5.804859 11.609717 63.416685
734 5.928932 11.857864 72.163208
14 22.990054 45.980107 67.873836
283 22.336271 44.672541 62.488381
324 20.123098 40.246196 66.219201
490 37.647873 0.000000 92.115953
189 65.030578 36.798296 81.600852
58 65.705752 27.547697 86.226151
222 62.615623 32.406615 83.796693
234 77.944784 37.256672 81.371664
2560 77.393997 36.145584 81.927208
2566 75.612734 36.640941 81.679529
2561 76.098395 37.099499 81.450251
547 22.720434 45.440868 30.792229
130 100.000000 0.000000 100.000000
334 86.055853 7.195205 96.402397
431 91.666667 0.000000 100.000000
265 55.200579 20.011780 10.005890
422 51.019810 16.906395 8.453197
1658 50.548122 21.075741 10.537870
210 70.608183 20.478476 89.760762
537 69.439671 23.714681 88.142659
73 63.194957 14.175806 7.087903
410 59.042396 36.570460 81.714770
171 46.660095 39.298695 80.350653
224 88.975839 22.048322 32.108954
2146 87.550741 24.898518 35.587667
2562 94.267111 11.465778 41.897012
2563 95.427092 9.145817 39.976671
698 40.623871 66.647930 66.676035
549 74.038856 24.609972 87.695014
640 79.963867 24.224554 87.887723
2355 82.166676 20.063873 89.968064
329 60.485088 70.787879 64.606060
584 58.441287 68.803977 65.598012
2279 61.333572 64.282189 67.858905
192 26.967650 53.935301 51.699242
515 26.265562 52.531125 55.542480
1596 66.348650 48.130659 75.934670
538 80.000000 40.000000 80.000000
534 69.534971 53.455895 26.727947
558 69.594614 51.091040 74.454480
239 73.017593 48.128971 75.935515
2404 68.429370 46.275731 76.862134
136 68.225421 0.000000 49.282259
467 74.396919 0.000000 47.926369
656 74.363217 0.000000 53.320925
2438 34.755864 57.499414 28.749707
306 11.013897 22.027793 37.769504
484 12.017210 24.034420 43.779137
681 13.359300 26.718599 39.523391
586 39.510942 79.021885 56.570671
661 92.105263 15.789474 7.894737
2564 94.736842 10.526316 5.263158
2474 90.230637 11.680641 5.840320
2699 95.471727 9.056546 13.860902
2700 96.065278 7.869444 11.816516
2590 12.512554 25.025109 71.681667
368 96.666667 6.666667 96.666667
2663 95.708710 7.407869 96.296065
1931 46.845696 19.580628 9.790314
21 61.258471 42.263813 21.131907
401 59.614776 46.226383 23.113192
609 46.147798 67.902028 33.951014
1951 48.332778 64.845711 32.422856
603 69.141883 47.220797 76.389602
247 69.514680 35.131801 82.434099
561 13.122518 19.230582 9.615291
402 10.075324 8.818016 4.409008
218 23.170030 46.340061 37.891534
544 75.596660 42.552936 78.723532
2509 67.725138 0.000000 92.867820
2510 73.513162 0.000000 92.157095
18 25.500754 51.001508 27.360490
2649 26.190476 52.380952 26.190476
124 16.713609 0.000000 55.291852
427 11.567007 0.000000 66.233939
2536 52.604179 59.367472 70.316264
359 55.360197 57.414833 71.292583
319 72.010248 51.706203 25.853102
712 73.993205 48.902226 24.451113
522 55.084162 41.338878 20.669439
437 26.567379 0.000000 53.223354
76 60.526316 78.947368 39.473684
411 58.510678 74.514823 37.257411
1753 57.749191 54.506981 72.746509
2645 41.034844 34.551873 17.275936
338 42.233920 31.149447 15.574723
542 78.947368 42.105263 21.052632
704 81.039234 0.000000 53.592618
170 34.275452 46.858688 23.429344
2011 38.395832 30.238138 15.119069
150 61.432003 43.495473 78.252264
613 23.131144 46.262289 41.417646
2364 24.512273 0.000000 37.484054
227 68.991157 38.572330 80.713835
715 68.218220 37.790748 81.104626
97 56.907052 33.359404 83.320298
1981 59.974461 33.175797 83.412101
281 71.052632 57.894737 28.947368
2629 68.627780 26.043544 86.978228
39 43.688301 0.000000 17.253422
380 45.930834 0.000000 8.740340
333 90.000000 20.000000 90.000000
651 33.541710 4.743160 2.371580
2345 90.357249 17.501673 91.249163
2660 92.651178 13.982439 93.008780
2661 93.333333 13.333333 93.333333
121 77.429970 22.177948 88.911026
1919 80.786667 19.743336 90.128332
504 43.024440 60.515416 30.257708
243 24.545810 23.935977 11.967989
2207 20.688466 24.066793 12.033396
371 22.102254 28.588796 14.294398
94 49.613656 14.247815 92.876092
163 59.372282 5.001089 2.500544
697 73.322564 53.354871 60.573879
279 57.894737 84.210526 42.105263
154 48.752366 70.010440 35.005220
535 50.797432 66.657438 33.328719
2052 28.195443 56.390886 32.136512
9 72.759020 54.481960 45.982599
2517 74.556870 0.000000 93.883769
2511 77.086326 0.000000 94.529310
2465 85.305302 0.000000 89.832493
2521 80.027793 0.000000 94.610929
403 55.733677 0.000000 40.734428
691 57.068519 81.354814 40.677407
202 77.668222 33.850911 83.074544
131 47.619048 95.238095 47.619048
1781 45.238095 90.476190 45.238095
37 85.693715 0.000000 19.506461
2060 19.445628 38.891255 33.595724
2122 20.687289 41.374577 33.589042
430 78.630496 19.352574 9.676287
1516 60.966013 0.000000 55.321905
152 14.543713 29.087427 17.396802
491 12.294637 24.589273 17.544514
350 15.351090 30.702180 23.243222
134 36.315197 72.630394 44.776492
2344 33.845496 67.690991 44.746483
638 12.740392 0.000000 25.563411
326 58.927910 40.272875 20.136437
605 29.667360 59.334720 34.260226
2347 77.433133 32.286035 83.856983
468 79.183782 30.406761 84.796620
186 77.800049 33.390146 16.695073
122 54.335369 0.000000 4.614033
710 5.877650 0.000000 43.346191
2267 93.271568 0.000000 65.964868
229 66.677687 59.680809 70.159596
2265 64.057458 64.094553 67.952724
2693 45.557743 0.000000 55.113840
144 55.537185 0.000000 23.947747
568 52.778553 0.000000 17.989063
486 61.115087 0.000000 17.113716
114 0.000000 0.000000 50.000000
208 3.275827 6.551655 51.488572
524 24.727858 49.455717 63.153417
233 58.819891 26.993239 86.503381
2389 50.428851 52.489911 26.244955
288 1.579635 3.159269 20.210579
2487 2.267993 4.535986 14.143839
475 3.276084 6.552168 10.259230
2514 89.428039 0.000000 84.821623
2522 91.689796 0.000000 84.948398
2402 80.961325 0.000000 88.848670
648 59.149513 43.388242 21.694121
2630 73.810231 32.948330 83.525835
378 60.524471 60.033773 30.016886
328 75.000000 0.000000 100.000000
736 24.364176 48.728353 58.856524
145 56.796893 44.789898 22.394949
64 40.976775 0.000000 84.409296
44 41.456224 4.632626 2.316313
1846 61.532415 12.179588 93.910206
2326 65.818157 6.977092 96.511454
264 75.572390 45.476936 22.738468
2546 10.760618 4.922617 2.461309
2544 6.952185 3.825288 1.912644
494 43.478610 36.031049 18.015525
2614 24.881332 31.186686 84.406657
2617 23.080489 28.230153 85.884924
1759 60.710973 78.578055 54.939256
2694 48.267832 0.000000 56.583843
471 53.385102 0.000000 55.883231
2697 50.745657 0.000000 59.647889
2695 48.993765 0.000000 58.962921
339 30.580267 34.204645 17.102322
1776 26.580889 31.471542 15.735771
532 25.367465 34.369595 17.184798
133 100.000000 0.000000 10.526316
2701 97.197346 5.605308 7.035501
2565 96.684122 6.631757 9.720950
2678 58.876614 62.140258 31.070129
495 76.222196 41.680778 20.840389
2545 55.006539 57.368428 28.684214
1937 14.545414 29.090828 54.350381
93 79.929844 36.791793 18.395896
472 61.332774 30.366710 84.816645
2555 87.549978 14.738130 7.369065
1924 35.121662 13.511910 6.755955
2605 61.280938 0.000000 58.954058
184 27.272727 0.000000 0.000000
444 46.739543 0.000000 25.095171
2633 53.520359 88.340553 44.170276
2686 65.480298 39.455191 19.727595
2515 63.097262 0.000000 93.242887
2512 59.245980 0.000000 93.482009
177 70.095636 42.686775 21.343387
2400 67.275068 43.470942 21.735471
1962 11.889986 23.779971 23.787678
209 70.080904 51.410052 74.294974
658 77.221031 36.923596 18.461798
683 69.402320 21.138747 10.569373
388 6.745226 0.000000 76.777459
2079 51.856602 0.000000 8.601830
2516 10.155335 0.000000 20.607836
2530 59.086615 45.637766 77.181117
362 59.541695 47.177551 76.411224
530 19.854505 39.709009 73.234697
2488 17.022967 34.045934 76.082435
2489 18.091332 36.182664 78.379235
1615 61.244545 18.422653 9.211326
83 24.698203 49.396407 32.965370
482 22.729182 45.458364 34.197924
1956 63.333333 73.333333 63.333333
2639 60.000000 80.000000 60.000000
2640 59.912660 75.666887 62.166556
146 80.878572 5.728496 97.135752
2467 100.000000 0.000000 94.736842
2527 99.122807 1.754386 94.413666
2616 22.266061 24.661651 87.669175
695 16.759411 33.518822 20.735934
2568 91.388226 17.223549 28.080711
2569 91.167104 17.665792 31.423937
327 51.834282 33.773633 83.113184
2689 55.236351 30.137837 84.931081
2696 84.986323 17.274173 91.362914
2599 16.666667 0.000000 100.000000
2600 8.333333 0.000000 100.000000
2601 22.522276 0.000000 96.269714
541 59.724084 51.795426 74.102287
287 13.163934 26.327869 28.644476
314 88.962593 13.509295 93.245353
2316 90.213073 9.967664 95.016168
477 90.036406 0.000000 47.338608
2570 93.892509 12.214983 36.403706
125 55.832219 78.546337 60.726832
182 0.000000 0.000000 90.000000
240 84.988283 15.530769 92.234616
479 86.901416 10.830593 94.584703
2680 52.642345 36.852481 81.573759
2490 51.330963 49.939458 75.030271
2483 49.788122 48.682244 75.658878
231 57.134611 52.245485 73.877258
1749 59.155645 49.672370 75.163815
80 70.233027 0.000000 37.169381
647 71.882113 0.000000 42.373263
65 83.819173 14.528581 7.264291
263 84.360236 19.467524 9.733762
2484 46.986515 51.487984 74.256008
105 28.273569 28.723134 14.361567
2425 28.417799 56.835599 38.497756
2557 74.132631 37.671984 81.164008
670 17.201845 34.403690 26.889179
159 28.543908 0.000000 93.393494
1739 33.889501 0.000000 86.174880
2083 52.493433 72.696885 36.348443
523 18.181818 0.000000 0.000000
447 15.590431 31.180862 40.137010
2466 95.134419 0.000000 92.900341
2523 96.477412 0.000000 89.247847
1989 12.514511 25.029022 34.407320
2641 58.160199 83.679601 54.085691
2038 61.571538 45.451372 77.274314
474 81.398997 31.620069 15.810034
435 72.924183 45.803013 77.098493
162 16.591085 0.000000 72.348251
533 21.970862 0.000000 62.535099
1834 10.627136 21.254273 30.770168
416 20.451584 0.000000 23.933619
2179 88.511015 0.000000 52.808717
299 24.314972 48.629944 49.997286
336 29.675385 0.000000 62.989484
123 8.584908 17.169816 27.438708
580 69.409010 43.333065 78.333468
1839 49.658675 86.907065 56.546467
2547 51.306743 53.889309 26.944655
2374 28.190935 0.000000 58.516151
576 54.432216 52.949179 73.525411
2537 55.188587 54.190412 72.904794
2535 53.285000 56.285670 71.857165
2432 27.535839 0.000000 87.508548
2280 24.663319 0.000000 83.741124
2658 89.370655 15.313007 92.343496
2642 70.492534 38.905070 80.547465
2650 26.826597 49.920776 24.960388
1899 82.093223 25.156850 12.578425
196 36.589441 73.178883 38.942611
2538 55.033285 61.747402 30.873701
688 55.120433 68.581935 65.709033
562 49.768676 59.375746 70.312127
460 65.932941 58.329330 70.835335
147 27.204349 54.408698 60.115777
439 6.577893 13.155787 53.919502
2493 0.620053 1.240106 13.988892
38 87.921963 24.156074 41.943237
2513 100.000000 0.000000 89.473684
450 71.049806 50.812888 74.593556
641 97.017715 0.000000 21.945087
595 81.578947 36.842105 18.421053
1626 4.054395 8.108791 59.572115
2491 44.956551 52.033326 73.983337
204 44.687792 56.941743 71.529129
2609 29.447517 8.662307 95.668847
548 49.065642 52.840717 73.579641
2476 51.903553 51.647391 74.176305
2494 50.533863 54.679908 72.660046
2495 48.228683 56.506293 71.746853
417 26.744442 53.488884 66.432566
2579 93.648993 12.702013 43.708777
1460 25.395181 50.790362 52.947409
92 53.077307 0.000000 48.220188
654 49.062321 0.000000 53.197368
2613 35.205100 34.717856 82.641072
599 29.192272 35.908365 82.045818
2618 33.901011 31.884670 84.057665
631 13.097830 26.195660 23.334364
2662 86.938626 19.468280 90.265860
2574 100.000000 0.000000 26.315789
2578 94.423026 11.153948 25.641971
2575 100.000000 0.000000 31.578947
2704 93.900248 12.199503 22.728476
2655 95.115507 9.768986 89.606432
2496 47.087442 58.693353 70.653324
646 29.647804 59.295608 67.611389
2492 45.664617 61.949629 69.025186
2548 55.729896 58.458658 29.229329
2634 38.095238 76.190476 38.095238
2323 39.314794 73.590396 36.795198
156 52.356144 54.416380 72.791810
2502 52.728354 52.428004 73.785998
2501 53.864423 51.903230 74.048385
190 21.237758 42.475515 42.148134
2673 91.284638 17.430723 65.677945
2671 89.948053 20.103893 62.535015
573 4.834073 5.385804 2.692902
2576 100.000000 0.000000 21.052632
2551 100.000000 0.000000 15.789474
2687 14.427064 28.854128 26.036715
87 77.255262 42.762887 78.618556
2299 75.221131 46.038773 76.980613
2615 28.813999 29.804757 85.097621
2469 1.092493 2.184986 10.989327
2472 6.666667 13.333333 93.333333
2611 15.028083 7.369185 96.315408
2621 6.804067 13.608134 92.173905
355 56.666667 86.666667 56.666667
1885 67.367102 30.008076 15.004038
2295 8.647660 17.295319 33.938711
2707 73.176110 0.000000 45.634105
2607 96.399691 0.000000 10.643024
2606 100.000000 0.000000 5.263158
2602 100.000000 0.000000 0.000000
191 0.000000 0.000000 0.000000
2549 2.380952 4.761905 2.380952
2684 52.511542 94.976916 50.295476
2591 4.402143 8.804287 89.152405
2690 59.970695 29.286019 85.356990
1915 30.000000 60.000000 70.000000
2681 50.346738 37.628258 81.185871
739 35.714286 71.428571 35.714286
217 8.014153 16.028307 77.266664
578 37.859381 59.554766 70.222617
2573 94.768911 10.462177 49.722986
2540 58.000045 49.484474 75.257763
2646 79.449346 15.375806 7.687903
2647 82.171029 12.591229 6.295615
256 84.210526 31.578947 15.789474
2651 26.359823 47.645151 23.822575
1965 83.333333 0.000000 100.000000
2592 1.609837 3.219674 84.405724
553 3.832786 7.665571 84.351034
2593 1.360656 2.721311 89.689190
2577 92.778122 14.443757 44.718849
1771 75.803489 29.512875 14.756438
2348 87.497923 22.765215 88.617393
557 53.333333 93.333333 53.333333
2533 57.099652 68.874725 34.437363
2541 57.591996 69.703346 34.851673
2539 55.730911 52.056891 73.971554
2087 49.338671 0.000000 44.017091
2635 30.952381 61.904762 30.952381
2581 87.234583 12.224431 6.112216
2572 91.372777 17.254447 23.902431
2208 14.825908 29.651816 76.409489
2596 16.912522 33.825045 79.245707
2594 15.869124 31.738247 79.187827
2636 33.333333 66.666667 33.333333
2528 95.672086 0.000000 87.943667
2518 94.630373 0.000000 86.605279
2519 92.025844 0.000000 86.192106
2520 82.719544 0.000000 94.081914
2526 96.094431 0.000000 97.889916
2524 92.711056 0.000000 96.822823
2525 90.037486 0.000000 95.409836
2698 98.947368 2.105263 91.191136
2529 87.428063 0.000000 95.615001
2498 1.659142 3.318285 8.848099
2499 0.428137 0.856273 8.744555
2620 13.143861 19.060638 90.469681
2471 5.034350 10.068700 94.710143
2622 8.367683 16.735367 91.376810
2624 10.000000 20.000000 90.000000
2664 92.900696 9.844148 95.077926
2580 92.418611 8.855122 4.427561
385 97.368421 5.263158 2.631579
2503 52.530662 49.538634 75.230683
2504 51.880478 53.292921 73.353540
2595 17.491698 34.983396 72.842561
2705 95.186137 9.627726 16.085741
2668 96.772939 6.454122 62.494307
2669 95.662623 8.674755 64.067583
2567 74.808483 37.313444 81.343278
2674 96.417494 7.165011 68.223960
2675 91.312360 17.375280 67.561928
2706 99.342105 1.315789 4.605263
