216 25.581395 100.000000 100.000000
1954 27.326684 91.065563 100.000000
864 27.906977 100.000000 100.000000
85 35.714286 0.000000 0.000000
1894 37.561027 0.000000 13.264389
1912 36.230002 0.000000 14.240543
924 39.505846 0.000000 26.340759
1895 39.148290 0.000000 10.512645
649 7.715859 56.683974 0.000000
650 5.911006 61.176685 0.000000
97 7.313514 66.301773 0.000000
256 79.922645 59.961743 100.000000
667 81.126184 79.009428 100.000000
1292 78.105409 75.559147 100.000000
214 20.930233 100.000000 100.000000
1972 19.707039 93.510076 100.000000
1964 20.793208 92.147386 100.000000
431 16.478552 90.291887 100.000000
1955 18.593064 94.435633 100.000000
1956 17.326256 95.354553 100.000000
962 100.000000 20.000000 0.000000
798 100.000000 0.000000 0.000000
2540 99.156458 15.694311 0.000000
1212 93.506056 0.000000 8.034192
1291 95.280533 0.000000 6.771269
75 95.616614 0.000000 12.406835
1317 61.019015 100.000000 44.808213
1319 60.169404 100.000000 62.574878
1504 62.418169 100.000000 61.327428
107 16.666667 0.000000 0.000000
2088 15.605845 5.754601 0.000000
2089 17.187080 4.814815 0.000000
2120 14.305414 5.105701 0.000000
2765 15.210382 3.008973 0.000000
1426 67.193695 100.000000 30.278557
853 68.931637 100.000000 18.679669
2041 66.647265 100.000000 14.907826
1386 13.522333 10.852426 100.000000
566 11.462029 7.636842 100.000000
2339 13.526981 4.827058 100.000000
249 8.204034 0.000000 67.049829
40 11.323567 0.000000 75.747429
1070 7.199782 0.000000 73.496922
66 97.111113 0.000000 67.980703
2834 97.181419 0.000000 65.090015
2827 98.448631 0.000000 64.542758
796 20.813186 0.000000 16.194310
103 17.998595 0.000000 12.149577
1896 20.638893 0.000000 8.604860
795 23.809524 0.000000 0.000000
2767 24.090291 0.000000 4.781555
2771 23.095437 0.000000 4.303806
179 9.907132 61.922700 100.000000
181 7.896742 63.943538 100.000000
1433 8.610975 55.527158 100.000000
115 92.857143 0.000000 0.000000
2541 93.142519 5.556519 0.000000
89 95.238095 0.000000 0.000000
1488 40.128641 45.666889 100.000000
357 39.056640 68.394075 100.000000
621 37.760719 48.155899 100.000000
541 85.987560 24.524845 100.000000
542 86.720563 17.617013 100.000000
1404 87.516189 26.421410 100.000000
1406 15.953174 76.289638 0.000000
1194 16.546524 68.151929 0.000000
1239 15.002412 70.353711 0.000000
751 98.272234 0.000000 28.155359
343 95.896516 0.000000 24.690426
991 97.961632 0.000000 23.057504
896 98.552197 100.000000 9.877190
646 96.511383 100.000000 10.173226
1087 98.154584 100.000000 15.431853
1016 4.297792 78.947433 0.000000
98 2.279497 87.173085 0.000000
965 3.575067 89.089038 0.000000
143 55.479968 0.000000 27.757749
2319 54.824616 0.000000 44.305757
2293 53.833519 0.000000 39.681334
1332 91.156147 32.411846 0.000000
260 90.435194 25.463218 0.000000
1306 89.360906 33.559132 0.000000
738 54.534555 100.000000 21.242374
645 51.604958 100.000000 19.517816
2504 53.105673 100.000000 32.344321
737 54.263702 100.000000 43.842718
639 52.133124 100.000000 44.227491
1510 79.799550 0.000000 66.783233
288 82.412218 0.000000 60.944239
1077 82.106226 0.000000 70.266838
631 44.630612 0.000000 70.116964
2232 44.939562 0.000000 49.978449
72 46.868278 0.000000 57.475433
233 96.279536 0.000000 44.782260
1494 100.000000 0.000000 44.444444
1454 100.000000 0.000000 50.000000
1280 98.046077 16.218968 0.000000
2542 97.651480 8.700925 0.000000
1281 96.106876 18.141122 0.000000
173 11.271972 67.379466 100.000000
504 12.995994 65.863226 100.000000
506 12.624433 72.395182 100.000000
284 53.248613 68.835270 100.000000
1203 51.103409 83.372999 100.000000
1200 50.953239 58.602895 100.000000
1482 82.613783 100.000000 90.275030
1403 79.069767 100.000000 100.000000
668 81.395349 100.000000 100.000000
605 6.642507 0.000000 79.760570
266 3.258253 0.000000 79.314986
269 2.997671 0.000000 71.874515
984 9.005481 6.596070 100.000000
2377 7.473825 4.302391 100.000000
2355 8.426866 2.847961 100.000000
1012 2.932927 100.000000 29.662167
1024 0.000000 100.000000 38.888889
10 3.128064 100.000000 35.691970
522 4.290471 0.000000 91.533318
1465 3.335676 0.000000 85.673025
518 6.812557 0.000000 91.934289
471 8.594441 0.000000 43.563406
1258 4.311558 0.000000 49.638191
1491 3.730942 0.000000 42.159272
418 28.999730 62.740363 100.000000
37 28.086212 41.817198 100.000000
36 30.556408 44.695456 100.000000
1106 0.000000 57.577595 22.941917
1208 0.000000 62.368855 18.895019
1266 0.000000 49.474497 19.626260
1178 24.144966 100.000000 28.166705
1177 26.379379 100.000000 20.525725
2431 25.141885 100.000000 14.771645
863 23.255814 100.000000 0.000000
2430 23.520907 100.000000 13.753611
1175 25.581395 100.000000 0.000000
208 82.222222 0.000000 100.000000
1267 84.444444 0.000000 100.000000
1068 83.597216 8.955160 100.000000
1195 16.931876 82.849756 0.000000
1141 15.281527 83.937835 0.000000
194 72.093023 100.000000 0.000000
2151 74.415593 79.050758 0.000000
2090 72.698852 77.651287 0.000000
198 69.767442 100.000000 0.000000
2091 71.164774 74.390352 0.000000
2190 70.035552 80.000902 0.000000
1111 31.426929 100.000000 37.483436
1110 33.084065 100.000000 52.912292
1115 34.047481 100.000000 37.871087
698 70.005732 100.000000 65.443038
695 72.720743 100.000000 67.219090
697 71.756480 100.000000 53.171238
46 100.000000 71.723908 80.820829
42 100.000000 67.166983 84.640140
45 100.000000 58.254732 80.877683
145 5.429027 100.000000 86.232886
1025 2.728297 100.000000 85.409105
196 5.670747 100.000000 92.419325
294 0.000000 24.906959 95.287565
31 0.000000 42.569983 92.189724
455 0.000000 30.035709 90.237063
919 68.651640 25.686868 100.000000
1957 66.471945 14.595368 100.000000
1958 67.891721 10.634167 100.000000
881 64.444444 0.000000 100.000000
1984 64.875293 17.785013 100.000000
562 14.043078 27.064920 100.000000
560 16.046165 22.754604 100.000000
693 15.429265 30.696093 100.000000
70 97.129453 0.000000 5.031089
2294 98.723692 0.000000 7.494311
1293 97.800653 0.000000 10.962947
79 100.000000 0.000000 5.555556
1295 100.000000 0.000000 11.111111
1351 22.034836 16.235108 100.000000
2362 21.443423 8.678420 100.000000
2385 22.273189 8.210436 100.000000
2488 31.487001 100.000000 26.488153
2501 30.928349 100.000000 27.930623
1271 27.013826 100.000000 37.039893
2432 29.391112 100.000000 34.850231
1251 28.664363 100.000000 21.412559
377 10.241060 41.771588 100.000000
1428 11.698048 42.465970 100.000000
378 11.177247 47.976112 100.000000
1472 40.642385 83.299284 100.000000
429 41.860465 100.000000 100.000000
436 39.534884 100.000000 100.000000
408 40.904666 66.431006 0.000000
2622 40.270163 83.732763 0.000000
2640 41.810529 78.660351 0.000000
936 14.759777 49.992949 100.000000
862 16.415164 54.173133 100.000000
851 14.877263 57.330881 100.000000
1131 27.906977 100.000000 0.000000
2650 28.656200 90.335746 0.000000
2643 27.889922 86.267064 0.000000
1227 31.434958 76.935090 0.000000
2646 31.893186 87.908761 0.000000
2632 32.755190 84.713327 0.000000
161 51.111111 0.000000 100.000000
2234 51.305020 0.000000 83.636686
157 53.068968 0.000000 79.165470
1318 86.666667 0.000000 100.000000
135 85.657389 8.959158 100.000000
993 100.000000 0.000000 38.888889
2195 100.000000 15.068275 42.198460
2198 100.000000 15.672699 37.679795
2208 100.000000 14.693504 39.607880
413 28.182745 0.000000 80.783280
1153 30.724086 0.000000 77.205684
2235 30.881585 0.000000 89.533839
412 33.333333 0.000000 100.000000
2236 32.435089 0.000000 87.106403
2267 33.859776 0.000000 90.808408
451 4.166108 67.754063 0.000000
96 5.643114 70.032109 0.000000
1342 84.777446 21.985731 0.000000
802 86.160134 17.826560 0.000000
555 84.956743 13.193838 0.000000
50 95.758579 65.884126 100.000000
52 95.379444 55.924437 100.000000
53 97.180983 57.822169 100.000000
1081 88.621559 82.508388 100.000000
236 90.599446 78.088932 100.000000
943 90.464851 86.769041 100.000000
1022 80.883100 100.000000 57.081186
445 83.370915 100.000000 62.974519
1180 84.626238 100.000000 54.333567
815 94.330126 86.532993 0.000000
1004 95.142220 74.710787 0.000000
300 92.824322 77.850307 0.000000
1331 88.262064 52.734953 0.000000
162 86.731538 60.638439 0.000000
1250 88.580114 62.956520 0.000000
144 0.000000 19.029716 27.284666
136 0.000000 21.163044 22.118740
1185 0.000000 9.833970 24.141514
132 84.776257 100.000000 94.834683
133 88.136470 100.000000 92.519223
134 86.744501 100.000000 86.213847
443 80.415514 100.000000 70.271927
444 78.337939 100.000000 82.645923
438 81.707132 100.000000 80.709945
1027 17.040145 31.442479 100.000000
945 18.254375 24.616814 100.000000
653 0.000000 74.833409 29.037714
409 0.000000 68.542610 33.670106
1147 0.000000 82.042177 33.315608
570 8.743588 27.052784 0.000000
575 9.563082 32.269328 0.000000
1233 10.044150 25.283657 0.000000
467 13.085799 0.000000 51.128092
468 13.258860 0.000000 39.238409
16 0.000000 0.000000 42.105263
1132 2.781318 0.000000 34.928606
204 81.235418 0.000000 88.977469
1899 81.795664 0.000000 94.689860
1900 80.006219 0.000000 95.561341
494 0.000000 100.000000 50.000000
492 0.000000 75.574855 54.855100
493 0.000000 100.000000 55.555556
1387 57.349499 63.197169 100.000000
1260 58.122345 84.463490 100.000000
1254 55.555556 78.349936 100.000000
916 69.565291 52.040877 100.000000
2725 69.189403 39.219925 100.000000
2724 70.332018 38.192555 100.000000
1213 91.454645 0.000000 13.945657
351 93.511400 0.000000 13.173365
717 93.640159 0.000000 18.851887
1058 11.627907 100.000000 100.000000
2020 9.513795 100.000000 93.340693
2021 9.165688 100.000000 96.128998
636 11.153849 100.000000 91.146043
373 93.554370 0.000000 23.488608
178 0.000000 0.000000 94.736842
1240 0.000000 7.713679 89.609445
959 0.000000 0.000000 89.473684
782 58.285725 100.000000 46.070882
626 10.232372 17.974563 0.000000
1222 11.981567 14.798322 0.000000
627 10.032260 9.876120 0.000000
608 84.843175 17.886249 100.000000
1186 0.000000 10.084132 13.955459
422 0.000000 0.000000 10.526316
463 0.000000 0.000000 15.789474
112 100.000000 72.620968 18.066179
113 100.000000 70.634672 13.338652
114 100.000000 82.910779 14.589870
58 98.111819 0.000000 75.512517
57 96.015511 0.000000 79.070307
1210 96.863029 0.000000 73.103791
1371 97.674419 100.000000 100.000000
2539 98.529010 100.000000 98.693712
2506 97.601090 100.000000 97.790386
2505 99.220934 100.000000 94.086402
1881 98.840533 100.000000 96.984462
2538 99.515367 100.000000 96.451927
1455 98.176796 100.000000 94.884346
664 85.727435 68.968673 100.000000
1089 84.880601 80.929132 100.000000
663 83.650334 71.922933 100.000000
1007 97.038825 66.203155 0.000000
2729 98.455535 64.422303 0.000000
1334 98.234278 57.302155 0.000000
603 85.360522 88.632287 0.000000
2123 85.639725 94.677641 0.000000
2092 86.928077 94.082214 0.000000
1104 87.761560 87.937237 0.000000
2093 88.388051 93.246119 0.000000
629 15.090556 28.088317 0.000000
917 14.097754 35.783888 0.000000
1155 15.855017 34.977247 0.000000
2175 75.126164 28.312167 0.000000
2094 76.691444 31.365907 0.000000
2568 76.241907 18.114977 0.000000
763 78.910316 27.606841 0.000000
2543 77.544786 15.248121 0.000000
287 84.918682 0.000000 64.483557
814 96.332879 86.375452 0.000000
1413 97.040049 77.511378 0.000000
1290 93.069630 11.715175 0.000000
866 94.886535 12.242950 0.000000
2546 94.399610 6.935577 0.000000
1090 87.758559 18.195921 0.000000
577 86.752383 10.314403 0.000000
59 98.739948 0.000000 79.736783
60 97.990761 0.000000 86.179056
1282 97.052425 0.000000 82.275333
175 11.710974 60.474252 100.000000
1434 10.508101 54.642331 100.000000
659 0.000000 100.000000 33.333333
2216 0.000000 92.050124 34.078755
1160 73.480870 73.071565 100.000000
1243 75.805111 71.204104 100.000000
2418 74.779035 83.364811 100.000000
1405 76.744186 100.000000 100.000000
2420 77.469991 87.712727 100.000000
2403 78.809981 88.984961 100.000000
41 100.000000 54.615884 83.943769
44 100.000000 58.223100 87.568277
1129 30.126573 53.699564 0.000000
2689 30.892901 65.912401 0.000000
2683 32.076747 62.926209 0.000000
1228 33.683973 71.435116 0.000000
2686 34.170395 58.280805 0.000000
2687 33.250639 60.443443 0.000000
383 0.000000 55.708900 69.737614
768 0.000000 46.459170 72.519616
486 0.000000 56.260598 73.952799
475 93.171589 17.785149 0.000000
1283 92.230857 24.618144 0.000000
1278 94.034841 22.421120 0.000000
304 68.461678 0.000000 48.777143
1091 70.345381 0.000000 59.099525
302 67.671200 0.000000 68.184924
488 7.022998 8.590634 100.000000
435 5.601382 13.489681 100.000000
2342 4.795971 5.905761 100.000000
218 23.941615 59.139693 100.000000
210 23.253837 75.686300 100.000000
219 21.872278 61.242568 100.000000
692 59.678712 34.277697 100.000000
2397 58.485445 48.965876 100.000000
689 57.589989 32.589375 100.000000
1448 59.668893 66.270688 100.000000
906 77.633465 0.000000 49.852857
1511 77.442092 0.000000 62.501207
1093 74.993499 0.000000 57.199723
414 28.464362 0.000000 65.282705
1130 27.792311 71.387105 0.000000
185 26.745585 51.453354 0.000000
1382 0.000000 63.218790 29.747444
1209 0.000000 66.214928 25.767013
1263 0.000000 54.246562 27.388102
1459 10.549859 38.436333 0.000000
1440 11.537155 44.860624 0.000000
1 12.299228 37.065315 0.000000
34 28.888889 0.000000 100.000000
2344 30.314734 12.822517 100.000000
2345 28.536034 15.326237 100.000000
33 29.376151 27.450894 100.000000
32 32.054837 24.356661 100.000000
954 12.654751 100.000000 73.864004
1054 9.272227 100.000000 75.033027
951 11.957782 100.000000 83.034461
524 42.222222 0.000000 100.000000
2346 41.399863 12.682149 100.000000
666 40.000000 0.000000 100.000000
594 42.734404 22.094960 100.000000
2381 42.514533 11.697437 100.000000
2360 43.701642 12.012639 100.000000
955 18.604651 100.000000 100.000000
957 18.436470 100.000000 91.547929
950 16.652492 100.000000 93.520175
1487 5.122410 78.417470 100.000000
969 7.284933 81.702849 100.000000
968 5.178777 88.543680 100.000000
453 0.000000 10.410037 18.996526
1182 0.000000 0.000000 21.052632
491 86.909746 46.567651 0.000000
1308 85.114770 44.459333 0.000000
2749 85.714201 50.437911 0.000000
1512 100.000000 47.035585 55.552810
71 100.000000 38.757360 59.426177
2654 100.000000 35.846841 55.001373
1324 100.000000 44.769672 19.053477
316 100.000000 43.951881 15.285749
119 100.000000 57.370829 17.254713
259 5.328978 46.548924 100.000000
264 6.716210 40.279063 100.000000
375 7.495251 47.998604 100.000000
452 4.325947 55.848083 0.000000
88 33.382018 0.000000 42.790935
1167 31.319580 0.000000 45.784295
355 32.208352 0.000000 28.480062
1499 19.933835 0.000000 89.356412
2237 19.846146 0.000000 94.809064
307 17.144963 0.000000 89.257652
74 22.222222 0.000000 100.000000
558 20.000000 0.000000 100.000000
11 13.102952 29.049924 0.000000
416 31.727899 64.751945 100.000000
410 33.093620 47.055675 100.000000
1391 17.979390 15.222199 100.000000
63 100.000000 39.921249 73.597188
1064 100.000000 49.035640 77.388738
347 100.000000 36.258258 77.734460
953 15.665277 100.000000 84.088142
54 92.461213 64.982810 100.000000
370 92.413653 55.604367 100.000000
56 94.010581 60.288316 100.000000
1505 84.523471 0.000000 9.787853
762 81.715103 0.000000 9.414675
2295 82.574556 0.000000 4.735079
1088 83.333333 0.000000 0.000000
2304 85.165374 0.000000 4.817346
2305 83.899184 0.000000 4.835070
682 18.855332 100.000000 35.213472
681 16.384889 100.000000 33.480521
676 16.061191 100.000000 43.998650
997 100.000000 73.929610 39.369965
1414 100.000000 82.870392 36.089040
1003 100.000000 88.795422 41.049900
2238 2.032993 0.000000 89.864968
1873 3.588112 0.000000 93.985087
2286 1.904588 0.000000 92.166729
1109 34.209614 100.000000 70.508131
427 35.190113 100.000000 86.641694
982 37.039917 100.000000 80.108504
283 95.115616 0.000000 84.920436
1103 37.209302 100.000000 0.000000
2626 37.751819 87.794888 0.000000
2627 36.239594 91.074490 0.000000
407 39.534884 100.000000 0.000000
1036 2.325581 100.000000 0.000000
2647 4.068592 93.760434 0.000000
2648 3.054018 94.237341 0.000000
761 80.952381 0.000000 0.000000
2297 81.023863 0.000000 4.372878
971 9.218814 77.133047 100.000000
180 9.444026 69.569453 100.000000
177 10.949276 74.051982 100.000000
1052 27.014856 100.000000 77.620287
424 29.641395 100.000000 69.854984
1274 26.803674 100.000000 57.702424
1507 100.000000 77.559727 27.235265
1020 100.000000 89.149587 28.996613
1017 100.000000 78.932382 31.636954
933 72.147950 0.000000 36.639014
934 72.587126 0.000000 51.256937
828 70.622319 0.000000 45.854781
1264 0.000000 31.543706 25.478343
149 0.000000 41.377941 28.951861
142 0.000000 44.833676 24.046089
583 33.566832 22.873087 0.000000
2733 31.895794 36.948864 0.000000
2737 33.260195 36.363760 0.000000
2734 30.139302 35.533143 0.000000
1353 23.894709 43.404493 100.000000
1349 21.635467 32.952273 100.000000
2783 24.183053 30.067284 100.000000
469 16.701481 0.000000 44.394459
1372 100.000000 71.820284 96.486907
1479 100.000000 55.342377 98.087929
1245 100.000000 49.504380 94.628172
292 87.835173 0.000000 49.528859
232 90.372797 0.000000 44.145516
291 91.543576 0.000000 52.471792
966 100.000000 39.268805 2.405022
1460 100.000000 52.635436 4.047953
314 100.000000 39.845965 6.316064
1385 34.229011 71.345891 100.000000
1310 36.692324 69.752038 100.000000
1961 35.754239 85.227126 100.000000
213 20.683971 100.000000 92.041273
217 21.809142 100.000000 87.136385
868 19.010738 100.000000 83.571780
326 0.000000 50.000000 0.000000
2735 1.223996 59.948310 0.000000
1080 2.467131 50.560271 0.000000
1284 87.327671 49.732830 100.000000
1270 85.628977 49.547192 100.000000
647 86.679865 41.666392 100.000000
781 58.139535 100.000000 0.000000
1225 60.465116 100.000000 0.000000
2095 59.608710 76.292227 0.000000
2096 57.732652 81.022953 0.000000
1246 18.604651 100.000000 0.000000
2434 16.595113 100.000000 6.693240
2435 18.408395 100.000000 5.560717
1268 88.888889 0.000000 100.000000
1461 91.124804 6.805164 100.000000
1443 89.453323 10.589091 100.000000
1489 86.046512 100.000000 100.000000
106 16.738606 28.378812 0.000000
903 16.627248 20.740185 0.000000
797 75.455603 100.000000 16.663482
2022 74.985260 100.000000 8.398679
2053 73.480745 100.000000 9.502400
712 45.238095 0.000000 0.000000
1903 44.745304 0.000000 14.038908
713 42.857143 0.000000 0.000000
1394 86.362123 0.000000 26.033796
227 89.200758 0.000000 34.937333
1393 85.332244 0.000000 34.571857
611 90.688553 80.199619 0.000000
299 91.318706 70.604295 0.000000
459 93.466111 100.000000 80.872691
139 90.278125 100.000000 83.420985
138 91.167039 100.000000 89.032831
1151 7.164534 100.000000 39.045657
1146 4.020332 100.000000 48.294200
678 8.872373 100.000000 46.717900
1962 30.855713 81.595861 100.000000
1963 28.983037 81.004429 100.000000
1174 21.409024 100.000000 25.308074
1275 21.485191 100.000000 39.223681
994 94.597425 0.000000 29.121979
1286 83.933915 100.000000 21.905494
538 87.948069 100.000000 22.116179
1289 83.882906 100.000000 13.419926
777 0.000000 78.618473 38.251125
2224 0.000000 88.852539 38.904233
2217 0.000000 88.312663 36.687722
809 82.964704 56.490554 0.000000
434 81.613148 68.080375 0.000000
356 83.546370 64.682893 0.000000
1242 74.861398 53.188035 100.000000
1244 72.123466 49.324489 100.000000
2723 73.859465 37.774905 100.000000
285 85.050962 0.000000 55.211041
211 23.255814 100.000000 100.000000
481 18.511652 87.457284 100.000000
328 0.000000 0.000000 73.684211
272 0.000000 10.113124 77.554680
273 0.000000 15.054675 73.278396
1055 8.723594 100.000000 82.110746
607 82.856735 85.940635 0.000000
1322 83.094972 74.463755 0.000000
900 80.391546 82.818432 0.000000
1354 24.444444 0.000000 100.000000
2239 21.791228 0.000000 95.636245
1145 4.637557 100.000000 56.721853
1363 3.633152 100.000000 64.409305
572 6.715423 100.000000 63.024675
330 4.292174 25.871694 0.000000
150 2.419355 16.117343 0.000000
243 2.142902 32.407858 0.000000
1481 9.547704 12.857249 100.000000
1237 42.461496 100.000000 59.655827
405 42.864142 100.000000 35.063965
1500 40.116486 100.000000 40.784981
905 80.677418 0.000000 45.495401
843 77.735228 0.000000 34.670949
925 38.414131 0.000000 49.262993
83 36.672502 0.000000 28.492388
404 60.465116 100.000000 100.000000
2422 59.863861 83.426636 100.000000
2398 61.199091 82.972366 100.000000
885 62.790698 100.000000 100.000000
2399 62.598897 81.137572 100.000000
3 68.447193 100.000000 79.479137
6 67.332236 100.000000 63.579094
1398 12.683379 0.000000 68.198347
1397 15.985929 0.000000 80.106807
1474 11.753761 60.136301 0.000000
1439 10.714531 52.821968 0.000000
90 9.449372 61.561446 0.000000
417 95.988798 100.000000 15.047507
819 94.385793 100.000000 9.954208
517 11.111111 0.000000 100.000000
2347 11.702427 2.967192 100.000000
2340 10.099467 3.341344 100.000000
1223 100.000000 0.000000 72.222222
1202 100.000000 0.000000 66.666667
2655 100.000000 7.458718 71.177887
2670 100.000000 5.778215 74.719963
514 100.000000 16.667468 85.248596
2668 100.000000 8.423859 84.350044
2667 100.000000 10.171878 82.572594
2036 57.200272 100.000000 10.091060
2023 58.870242 100.000000 13.002511
428 42.119270 100.000000 80.385170
1236 39.895244 100.000000 61.417635
983 39.718450 100.000000 81.074298
2097 84.223788 95.996062 0.000000
2098 83.179689 92.666442 0.000000
228 89.532874 0.000000 26.150573
533 95.877611 100.000000 25.798581
872 97.789135 100.000000 25.886720
644 95.318241 100.000000 20.172031
1445 94.386547 0.000000 90.714499
1040 96.340894 0.000000 88.232901
278 95.950779 0.000000 93.739475
147 57.142857 0.000000 0.000000
2299 57.469010 0.000000 14.393240
2300 55.997527 0.000000 11.173874
1176 18.855393 100.000000 21.215736
1430 12.973995 47.023019 100.000000
940 13.638736 53.476928 100.000000
1498 12.227385 53.804348 100.000000
341 100.000000 84.333200 69.939621
1216 100.000000 85.983280 75.258099
1215 100.000000 72.198232 72.166015
1297 98.549038 74.183901 0.000000
960 71.056765 69.382792 100.000000
2400 70.410612 85.699289 100.000000
503 68.711641 72.823808 100.000000
1156 72.093023 100.000000 100.000000
2401 72.048710 83.336724 100.000000
726 100.000000 23.842687 35.595246
2197 100.000000 11.794259 34.642580
758 100.000000 22.156394 31.083103
447 2.389935 76.287100 0.000000
2240 6.628950 0.000000 95.845081
51 94.106776 80.712389 100.000000
817 92.262663 83.348233 100.000000
48 92.394156 74.441750 100.000000
1148 0.000000 100.000000 22.222222
544 1.282303 100.000000 13.219818
655 0.000000 100.000000 16.666667
152 92.477206 0.000000 73.115757
151 95.215310 0.000000 65.971307
65 94.958289 0.000000 72.509682
710 97.674419 100.000000 0.000000
2099 97.730136 93.363972 0.000000
2148 96.506102 94.360810 0.000000
1079 100.000000 100.000000 0.000000
910 78.919484 71.938749 0.000000
2730 76.972293 68.870969 0.000000
911 75.926630 84.873926 0.000000
1219 100.000000 100.000000 68.421053
1328 98.105243 100.000000 74.668467
685 100.000000 100.000000 73.684211
1001 97.248531 100.000000 35.534208
1370 100.000000 100.000000 36.842105
1496 97.663829 100.000000 30.803884
2219 0.000000 86.789914 19.497495
2218 0.000000 91.154372 22.022499
508 47.250706 83.242289 100.000000
1078 48.930230 72.799831 100.000000
9 48.837209 100.000000 100.000000
226 14.133956 76.713826 0.000000
423 32.608010 100.000000 82.591837
2693 23.770803 100.000000 93.336894
2694 22.282728 100.000000 93.623226
821 69.569461 0.000000 33.501288
1140 14.649132 92.056101 0.000000
1138 13.257000 84.698513 0.000000
470 16.770547 0.000000 33.754438
169 13.971818 0.000000 29.026495
1431 17.366762 0.000000 23.150952
1097 44.174226 0.000000 30.991347
2241 45.866977 0.000000 40.840341
842 88.372093 100.000000 100.000000
2507 90.607460 100.000000 94.976794
2508 89.570766 100.000000 94.132212
1168 0.000000 0.000000 36.842105
1124 25.541847 0.000000 65.654400
7 24.664703 0.000000 78.266745
791 89.835448 54.756056 100.000000
788 88.276208 56.824291 100.000000
832 88.840585 48.654666 100.000000
201 80.000000 0.000000 100.000000
205 83.695518 0.000000 89.512541
1904 83.614604 0.000000 94.087810
1205 100.000000 20.000000 100.000000
2746 99.210060 13.414122 100.000000
439 100.000000 0.000000 100.000000
109 0.000000 53.010658 65.316869
379 0.000000 62.328373 60.992112
2214 0.000000 49.670599 61.848764
2509 66.837369 100.000000 89.670686
2510 68.424660 100.000000 91.437508
1207 97.777778 0.000000 100.000000
1970 98.219503 5.767806 100.000000
1966 97.114075 8.568823 100.000000
1034 15.597578 76.094366 100.000000
479 17.485836 77.942775 100.000000
579 16.076409 82.610943 100.000000
2784 25.532549 37.897650 100.000000
315 100.000000 42.028061 10.727938
312 100.000000 29.895143 13.987020
311 100.000000 27.033341 9.035645
168 14.614288 0.000000 19.394055
166 11.391372 0.000000 25.057549
660 11.888610 0.000000 16.223051
13 0.000000 100.000000 44.444444
1149 3.447527 100.000000 41.724237
1083 89.323920 0.000000 9.349426
396 91.104157 0.000000 7.561724
1366 51.680608 100.000000 83.469522
1367 49.496589 100.000000 82.757815
1364 51.162791 100.000000 100.000000
47 100.000000 84.057620 85.374916
43 100.000000 76.126655 89.255364
1495 96.251962 0.000000 37.316536
153 91.740089 0.000000 67.958964
293 93.445368 0.000000 60.329034
724 97.503023 0.000000 31.917754
988 100.000000 0.000000 33.333333
1298 57.920294 0.000000 78.582188
395 60.511329 0.000000 59.664692
694 60.156906 0.000000 85.898258
2684 35.561460 62.504769 0.000000
1229 35.284465 47.889054 0.000000
87 34.392801 0.000000 30.575106
1915 33.490234 0.000000 17.924320
1905 34.972193 0.000000 15.205393
108 94.386427 100.000000 54.123612
926 90.679723 100.000000 44.648285
927 88.877426 100.000000 53.771317
860 17.822751 75.730771 0.000000
861 18.478570 64.931930 0.000000
1159 69.767442 100.000000 100.000000
2511 69.629437 100.000000 88.037716
976 100.000000 75.477122 22.678477
1325 100.000000 65.134685 26.050066
450 100.000000 62.229192 21.710189
267 0.000000 0.000000 68.421053
1450 93.976658 0.000000 96.392862
1444 95.555556 0.000000 100.000000
1442 93.333333 0.000000 100.000000
104 19.047619 0.000000 0.000000
2100 18.237758 6.823915 0.000000
2101 19.601685 5.176212 0.000000
596 7.598150 100.000000 91.856828
867 20.801854 100.000000 75.503112
865 24.304756 100.000000 84.742025
869 23.438679 100.000000 65.077769
238 95.980353 88.153117 100.000000
237 97.732410 86.223902 100.000000
2402 97.628874 93.698852 100.000000
229 92.418181 0.000000 32.113175
12 91.960498 0.000000 25.205375
532 95.067699 100.000000 29.182742
1446 93.549153 100.000000 22.947530
1422 91.979713 100.000000 26.380739
921 19.047918 33.007442 100.000000
938 17.637775 40.093586 100.000000
1967 23.131715 89.208991 100.000000
212 20.447459 81.262291 100.000000
2653 100.000000 11.593747 55.182458
897 100.000000 0.000000 55.555556
2657 100.000000 10.342821 58.210539
282 55.310552 53.603686 100.000000
275 53.080548 39.082102 100.000000
846 79.365372 0.000000 23.409934
841 75.731024 0.000000 18.591018
776 0.000000 100.000000 77.777778
774 0.000000 100.000000 83.333333
251 83.662569 48.443567 100.000000
252 84.963529 39.253211 100.000000
2242 9.249163 0.000000 96.190870
2262 7.894890 0.000000 95.992560
1501 9.715081 0.000000 92.354941
2249 11.072450 0.000000 96.863432
515 100.000000 30.831723 82.184923
348 100.000000 17.572020 80.497191
482 100.000000 43.944484 85.380987
512 100.000000 30.675732 87.189475
2395 50.959737 10.264492 100.000000
2387 50.012486 10.225784 100.000000
340 41.550469 33.917305 0.000000
342 39.805748 51.160313 0.000000
2629 41.707579 51.399369 0.000000
2636 42.940006 43.393630 0.000000
124 100.000000 0.000000 77.777778
2349 14.782445 6.615308 100.000000
561 15.698061 11.588044 100.000000
2243 47.060068 0.000000 39.670705
1116 34.883721 100.000000 0.000000
2630 34.205692 87.287667 0.000000
1112 32.558140 100.000000 0.000000
1105 36.016701 78.389617 0.000000
2631 35.336427 89.187943 0.000000
306 100.000000 0.000000 16.666667
309 97.854278 0.000000 17.259345
836 96.007856 46.922210 100.000000
365 93.939221 48.705366 100.000000
364 94.901334 37.353729 100.000000
1321 100.000000 69.083699 3.904968
2673 100.000000 83.047929 2.204437
1076 100.000000 83.108019 4.912781
699 72.574460 100.000000 27.210147
703 75.523081 100.000000 35.866459
839 75.490776 100.000000 25.921400
770 0.000000 32.971931 73.716592
274 0.000000 42.034485 68.998108
303 0.000000 24.963465 68.583199
1051 97.986161 14.502401 100.000000
1350 21.840021 49.187145 100.000000
513 100.000000 29.161065 90.633150
718 100.000000 31.649427 93.592294
715 100.000000 20.030511 92.694788
511 100.000000 19.619306 89.541473
49 94.111374 70.628788 100.000000
28 0.000000 69.877560 90.579752
1065 0.000000 59.111860 93.623879
1062 0.000000 79.061266 95.140078
683 14.835834 100.000000 27.450350
677 13.316694 100.000000 39.524399
978 0.000000 45.319938 76.192967
489 28.654402 0.000000 14.512568
352 31.146042 0.000000 15.039772
359 29.183296 0.000000 31.884966
1314 0.000000 60.286374 38.794461
1150 0.000000 73.813930 44.596553
1315 59.669461 100.000000 28.198646
1164 0.000000 79.086166 23.557887
128 0.000000 76.387707 18.483247
2220 0.000000 87.321325 16.757174
1294 95.746766 0.000000 18.239894
1883 0.000000 11.717209 39.370857
1884 0.000000 11.851985 35.815939
803 79.785174 100.000000 12.383795
800 77.658863 100.000000 15.650811
1285 80.783323 100.000000 23.010757
2322 93.562849 0.000000 4.440740
2327 94.209727 0.000000 3.547018
2301 95.138382 0.000000 2.976065
835 96.638285 36.703020 100.000000
1142 11.627907 100.000000 0.000000
478 9.623515 93.744487 0.000000
507 9.302326 100.000000 0.000000
38 26.708682 25.687296 100.000000
2785 26.640748 39.146265 100.000000
68 100.000000 0.000000 61.111111
154 97.950622 0.000000 61.865292
484 100.000000 45.490120 81.251760
563 13.878840 18.651678 100.000000
1193 12.177760 23.854450 100.000000
1199 11.785644 15.795626 100.000000
483 100.000000 43.830348 90.147720
833 94.561810 18.238552 100.000000
871 96.217208 14.899745 100.000000
837 96.054269 25.514787 100.000000
1313 100.000000 0.000000 22.222222
989 100.000000 0.000000 27.777778
322 23.800946 0.000000 51.784744
319 20.267481 0.000000 48.285604
318 22.689463 0.000000 36.826030
1144 6.976744 100.000000 0.000000
39 26.666667 0.000000 100.000000
2244 25.966405 0.000000 90.698568
2245 27.230829 0.000000 87.993964
82 96.027953 100.000000 92.073493
86 97.957218 100.000000 86.770359
823 95.935865 100.000000 88.281755
1256 55.813953 100.000000 100.000000
1368 53.488372 100.000000 100.000000
1101 38.496973 71.538648 0.000000
1453 100.000000 100.000000 100.000000
239 100.000000 80.000000 100.000000
696 73.767646 100.000000 43.021637
701 74.738571 100.000000 57.030033
1347 19.697759 43.328117 100.000000
1273 24.064550 100.000000 46.544305
545 89.584579 29.529422 100.000000
546 90.933853 18.229875 100.000000
367 91.852800 28.935167 100.000000
244 8.646516 0.000000 53.864568
2350 12.506193 3.857773 100.000000
192 73.127615 52.842881 0.000000
1082 70.194408 61.456688 0.000000
1420 21.500965 100.000000 52.055359
2436 45.932852 100.000000 10.373214
2035 47.140443 100.000000 19.297126
2482 46.783902 100.000000 10.590618
158 3.111079 100.000000 74.004066
1057 6.212451 100.000000 75.136958
1346 3.900436 100.000000 69.858086
2359 20.553445 5.769029 100.000000
1037 0.000000 26.603320 4.752475
1035 0.000000 15.193386 6.997596
1028 0.000000 30.266012 9.813927
1490 40.941855 27.102568 100.000000
2353 39.986164 15.197927 100.000000
723 97.549237 0.000000 91.568607
719 98.618120 0.000000 95.040630
281 97.417484 0.000000 95.412666
1277 94.861904 30.040175 0.000000
1009 95.602642 39.139336 0.000000
1010 96.781893 28.219178 0.000000
1400 86.270331 32.601088 100.000000
223 0.000000 88.673859 75.364953
225 0.000000 88.433019 80.385210
941 12.851648 39.115705 100.000000
937 14.465123 42.329124 100.000000
242 4.897448 0.000000 58.241897
1341 0.000000 0.000000 52.631579
2779 12.710214 2.990752 0.000000
2103 12.993469 5.651101 0.000000
2781 13.676860 3.385368 0.000000
2104 32.168634 12.037680 0.000000
686 31.210423 24.091984 0.000000
628 14.121759 19.599848 0.000000
787 89.029979 72.576830 100.000000
1102 86.046512 100.000000 0.000000
203 88.327219 100.000000 4.086321
189 88.372093 100.000000 0.000000
1493 6.698335 0.000000 35.351744
472 10.429077 0.000000 33.563567
581 87.114364 0.000000 9.502802
2302 87.636398 0.000000 4.793254
2303 89.162977 0.000000 5.128947
440 85.435149 100.000000 79.186266
442 88.046173 100.000000 69.971824
437 84.272087 100.000000 70.900056
1373 56.071764 100.000000 55.707579
1412 55.950932 100.000000 77.724065
1410 58.083399 100.000000 69.553938
958 71.004025 25.992272 100.000000
324 23.260655 0.000000 22.065821
317 20.032139 0.000000 28.386837
899 80.080376 0.000000 56.356815
901 82.517514 0.000000 52.563952
808 100.000000 100.000000 21.052632
804 100.000000 100.000000 15.789474
1418 18.936307 100.000000 48.054169
1417 16.135064 100.000000 56.456981
1419 19.580097 100.000000 61.376872
2108 41.000384 16.291719 0.000000
344 38.819244 30.934941 0.000000
235 92.055578 89.838181 100.000000
944 90.828724 94.696918 100.000000
613 35.555556 0.000000 100.000000
2354 33.862048 13.151563 100.000000
1255 100.000000 100.000000 89.473684
1360 100.000000 100.000000 94.736842
2199 100.000000 89.854292 91.978303
1478 100.000000 82.420704 94.163660
1329 91.636085 17.928356 0.000000
765 0.000000 0.000000 78.947368
525 0.000000 0.000000 84.210526
775 0.000000 7.714390 81.109119
1436 5.554374 67.149568 100.000000
807 7.420217 72.985988 100.000000
2248 41.139850 0.000000 84.840078
286 88.255593 0.000000 58.933376
290 87.218080 0.000000 67.590872
1287 84.010408 100.000000 30.542195
1301 81.172483 100.000000 32.709472
1053 30.232558 100.000000 100.000000
419 32.558140 100.000000 100.000000
1973 32.632911 81.078427 100.000000
1128 29.419884 82.509536 0.000000
2688 29.933325 70.088739 0.000000
1392 82.911142 0.000000 25.333014
880 15.139470 62.824730 0.000000
1401 13.730185 57.621678 0.000000
1238 13.238935 67.788431 0.000000
714 100.000000 56.635240 40.579695
2674 100.000000 41.962640 43.140997
2681 100.000000 42.046990 39.572861
1038 100.000000 29.420523 44.613411
2675 100.000000 40.036634 46.479152
2028 90.648645 100.000000 3.033241
956 90.697674 100.000000 0.000000
1021 77.570146 100.000000 62.592905
702 77.508983 100.000000 47.898392
873 66.301903 33.466159 100.000000
878 64.994227 52.139613 100.000000
877 63.576470 28.713682 100.000000
2747 100.000000 16.685910 98.873328
1050 7.770243 81.910371 0.000000
1117 8.634580 72.375828 0.000000
91 6.527152 75.980593 0.000000
939 18.027073 49.672532 100.000000
578 18.225058 59.760020 100.000000
1396 14.332122 71.245988 100.000000
1171 0.000000 8.401025 29.080729
1946 97.529915 0.000000 97.687329
1916 96.491107 0.000000 97.057363
1056 6.545496 100.000000 69.073435
1230 8.834349 14.322119 0.000000
584 8.784803 0.000000 22.994324
1309 88.911142 82.130929 0.000000
818 89.778909 89.568273 0.000000
670 99.284682 0.000000 84.453793
2178 69.879293 25.660707 0.000000
2574 71.003273 16.636672 0.000000
2612 70.489356 13.952929 0.000000
849 3.498074 0.000000 22.310102
464 2.557402 0.000000 19.030205
1184 5.889484 0.000000 16.112111
382 0.000000 82.234738 60.750764
1362 0.000000 100.000000 61.111111
963 100.000000 12.640471 6.639960
2200 100.000000 6.287166 8.969879
2201 100.000000 4.731909 5.291349
556 0.000000 12.828672 84.234677
1157 0.000000 15.630152 80.598345
2193 100.000000 10.802272 22.414442
2194 100.000000 14.937227 25.358750
2202 100.000000 14.822750 28.019099
477 100.000000 85.876151 80.203302
1359 100.000000 100.000000 84.210526
457 0.000000 42.004142 96.477966
1232 0.000000 40.000000 100.000000
687 0.000000 65.436049 97.766629
240 93.023256 100.000000 100.000000
2512 94.587073 100.000000 96.341439
2513 93.003202 100.000000 97.205613
1226 95.348837 100.000000 100.000000
1033 0.000000 42.927024 16.441656
1032 0.000000 32.151268 14.597921
1265 0.000000 34.781756 19.890050
406 100.000000 68.449646 29.865489
831 67.905780 54.936277 0.000000
829 65.477599 60.211660 0.000000
2114 66.158057 75.401943 0.000000
2203 100.000000 9.093777 31.275113
2204 100.000000 5.691642 12.744526
1269 85.952461 0.000000 90.301589
1300 85.540398 0.000000 85.125570
634 5.721874 100.000000 80.742388
167 15.068570 0.000000 10.756707
1907 14.566058 0.000000 5.730353
1908 16.002871 0.000000 5.347297
656 16.882765 58.780795 0.000000
748 50.000000 0.000000 0.000000
2115 49.440567 13.050962 0.000000
749 52.380952 0.000000 0.000000
527 45.945428 34.505362 0.000000
891 48.481842 34.536880 0.000000
2116 47.642287 19.904709 0.000000
587 100.000000 88.214942 24.183991
1508 100.000000 100.000000 26.315789
253 82.398965 60.862302 100.000000
601 84.601216 59.704545 100.000000
1173 0.000000 87.103511 5.636352
2221 0.000000 92.565354 7.994906
2229 0.000000 94.917216 4.796703
92 9.905125 78.846841 0.000000
95 9.066139 86.338671 0.000000
332 7.884875 17.603212 100.000000
262 6.355704 23.337279 100.000000
665 86.193072 88.827211 100.000000
137 88.421135 92.133593 100.000000
399 2.662246 43.843680 100.000000
1485 3.776067 57.870370 100.000000
1066 0.000000 60.000000 100.000000
250 40.008569 0.000000 68.218645
923 40.898308 0.000000 49.430394
1063 100.000000 0.000000 94.444444
2659 100.000000 11.991927 92.075415
2660 100.000000 11.120686 94.288959
2656 100.000000 9.189132 89.407412
254 12.070686 77.214827 0.000000
93 10.842076 69.653946 0.000000
642 49.847741 100.000000 29.960272
2030 48.984488 100.000000 13.201987
2031 48.332972 100.000000 20.370923
1492 3.045353 0.000000 27.711095
889 5.998130 0.000000 22.381311
496 0.000000 29.018858 50.400327
1361 0.000000 23.307075 43.065866
1885 0.000000 12.671682 48.348538
979 13.333333 0.000000 100.000000
2250 11.953563 0.000000 95.771349
573 6.211407 31.002811 0.000000
633 7.026570 40.339985 0.000000
569 7.969357 32.467230 0.000000
574 100.000000 100.000000 78.947368
1358 4.651163 100.000000 0.000000
2438 4.390683 100.000000 4.287959
700 70.504301 100.000000 36.953554
1249 9.539289 100.000000 66.978560
1421 12.826216 100.000000 62.935994
995 87.020871 76.654723 100.000000
230 92.965571 0.000000 39.947252
2288 1.158536 0.000000 94.023651
2291 1.025805 0.000000 95.656964
2251 42.777239 0.000000 87.581649
1288 87.193611 100.000000 29.960116
964 97.619048 0.000000 0.000000
2548 95.661270 5.163242 0.000000
2117 91.348740 94.574319 0.000000
2118 89.859406 95.757093 0.000000
813 93.023256 100.000000 0.000000
380 0.000000 69.228809 66.209860
1910 46.269393 0.000000 11.211712
2223 0.000000 88.479020 41.789194
523 95.936940 77.463338 100.000000
609 2.428853 64.232971 0.000000
981 37.209302 100.000000 100.000000
1974 38.834175 86.700412 100.000000
1018 64.001468 0.000000 86.792168
1019 62.509811 0.000000 77.142668
883 64.850827 0.000000 71.438667
1337 74.820931 0.000000 83.429865
1095 72.249315 0.000000 82.070391
1094 74.884703 0.000000 70.838761
1135 70.975852 100.000000 79.849589
619 38.679050 25.531085 100.000000
1303 78.273537 100.000000 35.280717
308 0.000000 52.256440 32.874286
466 0.000000 37.311157 33.345695
999 100.000000 100.000000 47.368421
948 100.000000 80.871489 50.843153
1002 100.000000 75.972528 44.524603
898 100.000000 33.159969 50.225717
2407 80.344346 91.628465 100.000000
1304 81.806803 100.000000 44.415805
215 26.553292 74.134738 100.000000
1975 28.273893 86.551182 100.000000
2529 70.532038 100.000000 89.422349
2046 37.014136 100.000000 18.102323
2059 35.598987 100.000000 19.504152
2492 36.813973 100.000000 27.739705
474 0.000000 15.160445 32.310019
850 70.824902 100.000000 14.393481
255 81.430840 46.131594 100.000000
202 80.558065 29.885671 100.000000
207 82.951887 35.162560 100.000000
2450 20.920644 100.000000 11.098780
2446 21.592356 100.000000 14.275240
859 20.930233 100.000000 0.000000
2441 19.045924 100.000000 7.115042
1198 48.753156 49.326780 100.000000
2389 48.089164 37.978012 100.000000
2383 49.062570 33.530485 100.000000
519 6.573665 0.000000 85.950226
2634 39.013460 85.766575 0.000000
1092 72.541427 0.000000 65.855529
301 70.188539 0.000000 74.667837
1375 14.285714 0.000000 0.000000
2822 12.823646 1.314890 0.000000
2823 13.515098 1.920677 0.000000
1166 31.004073 0.000000 62.543797
975 12.610696 82.619518 100.000000
176 12.216864 77.533122 100.000000
1509 13.980368 78.297308 100.000000
384 0.000000 77.782931 69.462386
339 0.000000 67.259677 71.428433
224 0.000000 77.737928 73.408527
94 5.503670 86.316043 0.000000
786 87.672577 66.118102 100.000000
618 35.472112 49.135613 100.000000
310 100.000000 23.131430 4.066115
1172 0.000000 40.811643 38.222334
1169 0.000000 24.033660 36.101338
779 6.015697 100.000000 26.562931
1181 0.000000 0.000000 26.315789
61 100.000000 16.451152 69.726188
62 100.000000 30.145366 69.351874
1235 100.000000 27.056839 73.992156
2205 100.000000 87.509642 89.020567
320 19.292222 0.000000 38.329474
1189 63.316113 0.000000 59.062224
536 90.634564 100.000000 31.225533
510 4.761905 0.000000 0.000000
2121 5.751927 6.706983 0.000000
353 7.142857 0.000000 0.000000
174 2.380952 0.000000 0.000000
2128 3.364470 6.309885 0.000000
2122 4.136440 5.196334 0.000000
81 35.631511 0.000000 50.557536
2404 73.202281 88.529975 100.000000
854 98.579755 26.558275 0.000000
1336 100.000000 40.000000 0.000000
1257 53.803845 100.000000 82.873036
222 0.000000 77.460355 77.911716
24 0.000000 66.337825 80.056225
23 0.000000 76.740598 82.455971
441 93.955170 90.239105 100.000000
2405 92.766484 94.137609 100.000000
704 15.825375 37.486336 100.000000
2750 98.111441 48.061152 0.000000
1006 96.713437 53.785493 0.000000
2760 99.086430 51.340827 0.000000
1380 0.000000 47.675151 45.152360
1345 0.000000 100.000000 66.666667
1486 2.667074 73.173685 100.000000
624 2.629087 86.949051 100.000000
1976 1.587582 81.829333 100.000000
977 0.000000 22.279530 77.710639
757 94.114821 100.000000 93.441692
1476 97.568366 100.000000 92.277875
2535 96.489630 100.000000 95.946377
2528 97.036944 100.000000 96.179797
641 48.837209 100.000000 0.000000
2106 50.719866 77.064349 0.000000
2107 49.134357 75.296852 0.000000
888 47.838471 66.318952 0.000000
2635 47.789938 84.747181 0.000000
1165 28.781899 0.000000 50.448335
1127 0.000000 0.000000 31.578947
1435 6.443731 56.506360 100.000000
1279 61.452375 100.000000 75.712286
623 33.376663 0.000000 77.984083
580 33.357845 0.000000 58.557678
708 14.191561 34.732125 100.000000
1390 17.777778 0.000000 100.000000
2351 18.968156 6.989197 100.000000
2352 17.364900 7.766427 100.000000
2357 16.401118 5.032697 100.000000
170 8.776472 0.000000 16.408422
996 100.000000 65.374468 34.606585
540 87.887302 35.642201 100.000000
22 0.000000 87.723302 85.467509
30 0.000000 100.000000 88.888889
2252 17.984629 0.000000 94.604074
1047 45.179910 100.000000 60.119952
1071 12.322233 0.000000 87.541441
1069 10.147755 0.000000 81.263226
1072 13.720526 0.000000 84.369445
1467 100.000000 18.514337 17.834110
2206 100.000000 7.802851 19.048457
1477 100.000000 63.654245 92.041683
323 26.004234 0.000000 26.796223
321 26.168560 0.000000 42.133506
643 51.162791 100.000000 0.000000
2125 51.949102 79.148273 0.000000
721 100.000000 55.246967 29.798576
1384 80.761814 58.087867 0.000000
2751 81.984812 48.232309 0.000000
2752 80.432846 48.971622 0.000000
2077 77.175692 100.000000 6.443618
2067 76.804719 100.000000 8.575381
625 11.223955 30.838104 0.000000
1224 11.784459 22.924070 0.000000
1913 75.258710 0.000000 90.718061
1929 74.076554 0.000000 91.381263
2836 75.436549 0.000000 95.214801
1914 76.761855 0.000000 90.634830
2837 76.273290 0.000000 94.721115
2406 56.954204 47.529340 100.000000
371 91.108556 52.831676 100.000000
362 91.948298 46.773741 100.000000
543 88.001379 43.221831 100.000000
2253 22.509491 0.000000 94.015750
1218 100.000000 80.508060 63.148723
1220 100.000000 58.260587 60.965036
598 100.000000 65.791209 55.415844
8 64.794654 100.000000 62.121003
1408 66.018885 100.000000 46.734986
1323 100.000000 50.926090 21.199300
118 100.000000 100.000000 10.526316
2676 100.000000 91.980786 12.457816
2677 100.000000 93.848905 8.989840
245 3.883156 0.000000 65.285966
155 96.858373 0.000000 58.921008
2797 96.259474 0.000000 54.948575
2798 98.279462 0.000000 54.856285
1059 8.023382 100.000000 87.571597
400 43.337004 62.094590 0.000000
248 15.112336 0.000000 61.917650
241 11.752980 0.000000 59.287414
5 65.116279 100.000000 100.000000
2524 64.797902 100.000000 87.077564
2516 63.682058 100.000000 90.624697
2515 62.108455 100.000000 88.390267
2519 60.663527 100.000000 86.348967
460 95.969864 100.000000 79.557253
826 93.813032 100.000000 85.813176
886 95.878444 100.000000 84.309360
456 0.000000 14.831918 92.820637
25 0.000000 54.930600 85.834861
26 0.000000 55.722159 89.589124
19 0.000000 64.203882 87.383781
876 16.188381 45.624610 100.000000
354 33.333333 0.000000 0.000000
197 100.000000 52.793618 73.650479
350 100.000000 63.675165 73.979350
473 100.000000 61.495860 77.220859
780 57.191657 100.000000 24.190131
420 97.875126 100.000000 20.651089
80 48.888889 0.000000 100.000000
2254 48.426600 0.000000 85.945703
2233 49.986662 0.000000 84.608174
2442 8.723836 100.000000 5.695429
1099 5.583824 100.000000 11.720145
2443 7.382499 100.000000 4.616413
874 83.720930 100.000000 0.000000
1502 86.406249 100.000000 5.337538
946 100.000000 55.603406 47.936484
425 0.000000 19.684222 11.969335
432 0.000000 9.031456 9.529767
1462 89.198443 0.000000 96.207527
590 44.444444 0.000000 100.000000
2273 44.527117 0.000000 84.849175
2270 45.290230 0.000000 86.677079
1469 42.336497 0.000000 70.465507
2255 43.743182 0.000000 82.602659
1133 19.998301 55.055726 100.000000
209 20.327615 67.143975 100.000000
1307 86.555536 25.442906 0.000000
680 84.979463 32.645195 0.000000
206 82.508776 19.162851 100.000000
1123 21.586802 0.000000 62.748185
553 0.000000 36.808386 82.199670
552 0.000000 45.008396 83.982017
557 0.000000 45.558677 80.196823
539 88.646796 18.613889 100.000000
616 87.672271 9.296525 100.000000
1470 45.290800 81.157586 100.000000
15 46.511628 100.000000 100.000000
21 0.000000 75.025078 86.817979
904 84.366594 0.000000 44.812264
783 58.584582 53.285819 0.000000
1437 55.360211 60.084719 0.000000
2126 56.516479 75.536719 0.000000
620 5.994596 0.000000 28.751813
1262 8.659637 0.000000 29.143799
2637 20.623301 86.409802 0.000000
858 18.837900 87.271360 0.000000
582 37.768050 0.000000 72.538234
389 89.470978 0.000000 15.164169
2678 100.000000 50.397542 52.282714
2517 98.792911 100.000000 91.987153
67 100.000000 21.553660 59.721578
2802 100.000000 6.024632 59.492308
2803 100.000000 7.238274 61.483536
1013 62.755250 50.405897 100.000000
568 7.423907 24.600613 0.000000
567 8.717444 20.643092 0.000000
1008 97.494104 39.217191 0.000000
73 89.727797 18.145950 0.000000
164 88.499372 26.115880 0.000000
974 9.302326 100.000000 100.000000
2038 7.786261 100.000000 95.447468
2039 7.194393 100.000000 96.832189
2662 100.000000 8.777742 65.153449
2663 100.000000 8.171903 68.181048
1183 1.773303 0.000000 15.785963
191 0.000000 0.000000 0.000000
2127 2.517544 7.078406 0.000000
1143 16.279070 100.000000 0.000000
840 14.623829 100.000000 12.773687
2453 14.788674 100.000000 7.829730
1259 100.000000 73.492099 76.608076
231 93.270194 0.000000 46.388691
602 85.091950 77.794464 0.000000
1344 87.202656 79.963601 0.000000
1343 86.966730 70.300778 0.000000
360 90.983644 38.450347 100.000000
363 90.331334 46.979925 100.000000
606 85.070083 67.465730 0.000000
1383 84.988941 56.914052 0.000000
1357 37.860919 100.000000 64.534482
1296 37.094843 100.000000 42.071049
870 98.220095 28.699834 100.000000
1085 88.856133 11.329828 0.000000
2550 88.062144 6.246344 0.000000
691 60.000000 0.000000 100.000000
690 57.777778 0.000000 100.000000
2257 5.220227 0.000000 95.610320
799 78.139098 100.000000 24.872773
812 92.174203 88.057996 0.000000
2129 93.689777 93.617904 0.000000
2157 94.703244 93.053881 0.000000
2156 95.444238 92.064627 0.000000
99 21.428571 0.000000 0.000000
2131 20.319587 6.424156 0.000000
84 11.360727 0.000000 9.356077
658 0.000000 100.000000 11.111111
2222 0.000000 90.233618 11.251426
126 0.000000 82.732435 13.899296
2225 0.000000 92.732525 13.633534
1026 12.534877 31.700570 100.000000
1217 100.000000 58.396017 70.251320
1379 16.113156 70.374818 100.000000
390 61.904762 0.000000 0.000000
1312 63.160990 0.000000 16.611441
391 61.023201 0.000000 16.086603
949 16.279070 100.000000 100.000000
952 14.276993 100.000000 91.964803
551 13.953488 100.000000 100.000000
349 100.000000 0.000000 83.333333
1480 10.698926 28.992797 100.000000
1429 11.246288 36.443423 100.000000
376 9.453167 34.613909 100.000000
156 93.101638 0.000000 78.003668
1356 90.555526 0.000000 79.805408
1074 0.000000 59.420377 10.895977
1457 0.000000 68.088201 14.846843
125 0.000000 73.261755 11.364689
1197 18.460169 42.176538 0.000000
855 20.958639 43.413989 0.000000
857 19.858240 31.607935 0.000000
520 12.666256 0.000000 93.110876
604 9.677916 0.000000 86.663547
1152 6.372233 100.000000 32.869150
746 9.209857 100.000000 23.758261
2188 56.573226 28.372323 0.000000
2580 57.404096 16.587512 0.000000
2620 56.852242 15.438702 0.000000
564 15.555556 0.000000 100.000000
2246 15.312238 0.000000 96.500374
2463 1.578910 100.000000 1.360446
2444 2.625569 100.000000 2.318302
2445 3.500137 100.000000 3.206429
1917 95.493525 0.000000 96.797425
159 52.207801 0.000000 51.067411
2259 50.616577 0.000000 58.867317
2745 50.767256 0.000000 51.444966
163 51.053340 0.000000 70.773102
78 49.135011 0.000000 67.293553
111 95.776629 100.000000 46.372956
1466 100.000000 33.184258 18.561902
1030 0.000000 54.358079 15.542829
856 22.708466 27.697893 0.000000
2134 24.545669 13.173613 0.000000
2135 22.834061 13.827780 0.000000
1137 25.754379 25.052248 0.000000
313 100.000000 14.658977 12.476773
1911 17.185532 0.000000 6.858389
1918 18.605437 0.000000 5.923807
1919 19.696091 0.000000 6.313538
550 0.000000 20.698764 87.498020
188 20.692535 59.054861 0.000000
1196 18.738386 52.983209 0.000000
2136 89.099615 94.642871 0.000000
722 92.297312 100.000000 91.494733
2531 91.539874 100.000000 95.200987
2520 92.557048 100.000000 94.332422
361 92.913381 38.070763 100.000000
368 93.854991 28.206228 100.000000
296 93.292124 66.996151 0.000000
793 26.069029 0.000000 13.354447
421 29.993656 100.000000 88.344518
1119 17.167934 0.000000 71.950891
1120 20.848711 0.000000 74.304648
1121 19.927297 0.000000 81.867471
2828 82.851381 0.000000 81.421568
743 84.034566 0.000000 83.892948
947 92.656543 100.000000 5.718340
816 94.921063 100.000000 5.298801
1463 92.929581 0.000000 87.502684
516 100.000000 0.000000 88.888889
2664 100.000000 6.856092 86.245655
1214 89.982881 0.000000 20.784541
1506 87.272801 0.000000 17.829217
1039 6.984790 91.604251 0.000000
1879 1.773914 100.000000 95.803604
1880 2.411514 100.000000 93.636179
2083 1.236420 100.000000 92.731657
449 0.000000 79.070733 3.845173
130 0.000000 72.929986 7.563045
1352 24.473396 16.470814 100.000000
2786 22.853513 23.991175 100.000000
499 63.767900 70.999611 100.000000
2408 64.561371 86.729150 100.000000
2409 63.429716 84.716583 100.000000
810 97.915148 100.000000 79.108350
1977 33.793795 87.698436 100.000000
426 34.883721 100.000000 100.000000
1978 34.665192 86.067863 100.000000
234 87.421513 0.000000 41.599166
805 100.000000 87.103215 18.825172
465 100.000000 24.434450 54.800786
2665 100.000000 13.231553 52.806289
2212 100.000000 16.898017 51.241912
2552 96.485400 9.144536 0.000000
2553 96.163063 6.637682 0.000000
1415 100.000000 90.190472 33.028732
337 100.000000 67.309629 66.959625
970 9.294887 84.186391 100.000000
2522 59.533946 100.000000 89.665760
638 8.148489 47.667504 0.000000
652 9.828150 46.046770 0.000000
635 8.847584 39.537858 0.000000
662 83.720930 100.000000 100.000000
2410 82.415918 89.953851 100.000000
2411 83.764991 88.502228 100.000000
2413 81.320449 90.147936 100.000000
105 16.377514 11.495559 0.000000
387 59.523810 0.000000 0.000000
2025 45.962054 100.000000 19.840577
2467 46.904936 100.000000 26.524134
2483 47.514644 100.000000 27.282309
2412 84.639899 89.564643 100.000000
461 92.927405 100.000000 74.840428
1458 0.000000 0.000000 100.000000
2215 0.000000 5.636399 94.291731
1276 92.951284 31.699177 0.000000
1305 88.687901 42.426957 0.000000
172 90.228578 39.048741 0.000000
4 63.596954 100.000000 77.655653
2 65.925066 100.000000 78.336326
2525 65.669154 100.000000 88.771144
333 9.221620 100.000000 57.940223
705 75.107427 100.000000 68.276937
1136 73.740395 100.000000 79.543702
1023 76.767280 100.000000 74.998957
766 83.004431 14.620296 0.000000
760 81.070118 22.106499 0.000000
672 83.008369 28.185588 0.000000
338 40.476190 0.000000 0.000000
345 38.095238 0.000000 0.000000
2138 38.327636 13.719672 0.000000
585 36.194976 25.550175 0.000000
2139 36.724304 10.596333 0.000000
221 0.000000 66.838898 75.799409
907 81.731333 0.000000 34.715570
1483 98.007870 45.024539 100.000000
190 20.188462 74.890015 0.000000
537 94.087355 100.000000 33.631510
931 92.921316 100.000000 38.826097
305 68.245605 0.000000 85.861274
1497 68.888889 0.000000 100.000000
879 66.666667 0.000000 100.000000
1190 100.000000 60.000000 100.000000
1206 100.000000 40.000000 100.000000
2448 26.082779 100.000000 11.412183
2447 27.228455 100.000000 10.351364
735 77.260957 0.000000 73.975853
734 79.495429 0.000000 76.654445
725 77.123037 0.000000 83.647604
2738 28.591750 39.914618 0.000000
2739 27.075319 35.876346 0.000000
500 66.228760 74.869159 100.000000
875 67.335081 54.383169 100.000000
732 77.777778 0.000000 100.000000
1920 79.222237 0.000000 94.139375
731 79.140341 0.000000 86.472571
2838 79.180433 0.000000 91.193974
2839 78.392828 0.000000 91.416366
932 89.677321 100.000000 36.438555
769 46.292751 0.000000 26.085769
1922 47.451766 0.000000 15.933881
487 95.189489 0.000000 50.596635
2799 93.784154 0.000000 54.988491
498 67.441860 100.000000 100.000000
187 25.674240 87.102935 0.000000
385 57.792203 0.000000 29.042242
2306 58.877698 0.000000 18.385576
388 59.797832 0.000000 31.899481
2307 59.805635 0.000000 16.592915
922 43.157716 0.000000 50.468160
920 41.967092 0.000000 31.826298
630 11.830539 8.312773 0.000000
745 77.383564 55.734270 100.000000
733 76.515912 32.018875 100.000000
1067 84.587543 28.098467 100.000000
1043 90.752978 100.000000 61.763862
1179 86.657636 100.000000 62.285857
811 91.014048 60.044291 100.000000
458 0.000000 43.639068 87.922746
548 0.000000 33.567562 85.703687
502 97.932150 73.177705 100.000000
1107 91.668632 0.000000 83.981399
1041 93.968736 0.000000 81.726894
2140 35.289386 13.711818 0.000000
1409 68.801888 100.000000 49.360078
847 79.272017 0.000000 8.515538
2298 79.936030 0.000000 5.224450
335 0.000000 0.000000 5.263158
2764 0.000000 3.651691 7.809828
1886 0.000000 5.575307 5.920070
509 44.593921 100.000000 80.163257
14 47.105178 100.000000 80.818597
1154 34.521451 28.048486 100.000000
559 20.133423 13.177528 100.000000
1100 2.333133 100.000000 6.219455
2461 1.046556 100.000000 5.338338
2449 0.932399 100.000000 8.288855
1192 63.248816 59.501873 0.000000
1221 61.411118 50.420595 0.000000
2141 61.319254 73.023995 0.000000
1122 17.533975 0.000000 55.630735
2549 89.654472 5.233852 0.000000
1425 64.514228 100.000000 29.978650
2260 12.980692 0.000000 96.527493
565 15.398710 0.000000 92.300113
657 2.187658 100.000000 18.057957
1134 0.000000 100.000000 27.777778
790 90.823466 68.889350 100.000000
1118 18.449952 0.000000 65.310422
1377 62.790698 100.000000 0.000000
2019 64.937660 100.000000 15.335135
1427 65.116279 100.000000 0.000000
1348 20.021984 25.611383 100.000000
759 78.571429 0.000000 0.000000
2556 79.626044 14.749044 0.000000
2555 80.915214 9.630880 0.000000
2109 42.643393 17.661484 0.000000
1272 29.648738 100.000000 50.077306
1170 0.000000 28.076104 30.578654
1029 0.000000 43.869519 12.551221
398 2.736887 100.000000 23.435322
140 94.099420 100.000000 89.612190
640 91.423596 100.000000 11.687206
530 92.460209 100.000000 16.970147
928 93.687658 100.000000 13.902639
2026 44.745212 100.000000 20.742241
2470 44.239022 100.000000 11.598777
2042 43.525214 100.000000 15.906813
2468 44.688237 100.000000 30.715378
2469 43.753077 100.000000 25.027393
688 16.957639 49.541140 0.000000
2142 92.558994 94.062555 0.000000
186 22.536610 83.477834 0.000000
64 100.000000 14.351036 75.551235
131 100.000000 25.213975 77.991993
744 79.090908 42.473718 100.000000
1333 46.683660 62.254026 100.000000
1015 62.222222 0.000000 100.000000
2143 1.140564 18.381300 0.000000
2414 93.969690 95.913840 100.000000
261 2.222222 0.000000 100.000000
2343 3.857149 8.860828 100.000000
2378 2.974572 8.268331 100.000000
334 1.748211 12.951926 100.000000
2363 2.127320 7.572125 100.000000
1941 43.640215 0.000000 15.944622
2415 98.916140 84.850402 100.000000
2364 27.391712 10.670476 100.000000
2207 100.000000 9.697646 16.104842
366 3.691597 16.640370 100.000000
1188 0.000000 21.379076 16.921338
20 0.000000 86.141114 90.923671
1000 100.000000 100.000000 42.105263
998 96.672305 100.000000 40.639742
1926 3.978308 0.000000 1.506818
1944 2.800072 0.000000 1.959963
1909 13.236230 0.000000 5.904935
171 13.224039 0.000000 9.594225
1416 100.000000 100.000000 31.578947
331 4.681089 40.924401 0.000000
1108 31.779436 100.000000 62.793532
2416 56.035533 39.290595 100.000000
27 0.000000 55.546086 82.034312
893 65.571925 0.000000 17.132183
393 64.285714 0.000000 0.000000
430 44.186047 100.000000 100.000000
1924 22.439375 0.000000 8.165040
597 100.000000 87.861793 57.181989
415 23.295580 0.000000 85.684173
985 22.331792 0.000000 89.801894
454 0.000000 20.000000 100.000000
1395 83.922917 0.000000 17.380783
2753 83.530758 48.088006 0.000000
2754 84.327084 51.348373 0.000000
2755 85.036249 50.789917 0.000000
258 4.880363 32.795466 100.000000
1253 86.250256 0.000000 79.310152
1438 87.769189 0.000000 82.610621
462 89.227220 100.000000 77.046894
1191 64.234167 0.000000 35.034078
825 66.935368 0.000000 33.951826
1326 100.000000 38.415300 22.965722
386 91.677255 0.000000 19.573373
1075 84.469011 0.000000 73.954977
736 81.542465 0.000000 78.780574
1979 81.907287 7.722704 100.000000
830 16.588066 41.670231 0.000000
554 17.660044 33.842725 0.000000
882 65.980035 0.000000 85.379506
1125 94.981441 0.000000 76.882868
1468 12.547467 51.370337 0.000000
1451 11.904762 0.000000 0.000000
1939 9.524063 0.000000 4.730186
1925 8.532788 0.000000 3.879063
741 55.795371 100.000000 37.462789
374 9.414892 48.149416 100.000000
2440 19.979011 100.000000 8.904144
2666 100.000000 8.196043 79.433804
789 89.441954 63.201487 100.000000
637 6.301493 50.440105 0.000000
1045 96.019802 100.000000 66.482515
600 100.000000 100.000000 63.157895
599 100.000000 100.000000 57.894737
329 0.000000 65.358568 2.974165
122 0.000000 75.000000 0.000000
2487 32.569123 100.000000 28.166631
2145 60.380371 27.245797 0.000000
2133 59.306179 23.370534 0.000000
2583 59.286867 35.691584 0.000000
1424 91.181440 9.842499 0.000000
2557 91.255689 3.984443 0.000000
1086 90.476190 0.000000 0.000000
2558 92.109198 4.845865 0.000000
100 18.974890 12.632989 0.000000
2130 21.273203 7.887423 0.000000
1162 75.432258 100.000000 86.662346
1399 15.435998 54.251834 0.000000
915 15.640452 47.384229 0.000000
610 89.124035 72.985913 0.000000
576 7.026300 14.624814 0.000000
794 23.955881 0.000000 10.837081
2690 0.000000 69.175007 5.192644
827 71.100811 0.000000 18.589214
824 0.000000 88.411851 70.484266
822 68.148642 0.000000 17.195752
257 1.988070 25.847322 100.000000
2366 0.934070 14.699812 100.000000
1877 98.333225 0.000000 2.705357
2337 99.255394 0.000000 3.267941
2311 98.688353 0.000000 4.810851
2310 96.955441 0.000000 2.020898
2332 96.115343 0.000000 2.507013
2478 37.619760 100.000000 11.237335
2476 38.827140 100.000000 10.413277
446 0.000000 100.000000 0.000000
2691 0.000000 79.857325 1.704834
2826 31.484792 100.000000 50.816641
1338 2.472249 0.000000 5.496243
2821 2.748383 0.000000 3.945980
2815 3.624605 0.000000 4.150934
838 72.978879 100.000000 15.634826
433 42.957576 81.325911 100.000000
586 44.155185 60.123289 100.000000
2526 71.755422 100.000000 89.802091
894 65.626336 0.000000 52.070512
1365 0.000000 100.000000 72.222222
942 16.413434 62.657804 100.000000
2312 78.441421 0.000000 3.699807
675 12.738860 100.000000 51.262358
121 100.000000 54.978713 7.613710
120 100.000000 56.463325 12.129443
1247 16.764026 91.019175 0.000000
1388 4.444444 0.000000 100.000000
2289 3.261367 0.000000 97.393975
2258 4.232728 0.000000 97.157048
77 46.666667 0.000000 100.000000
2263 47.455774 0.000000 77.826788
392 61.946174 0.000000 31.415780
784 7.474495 88.950517 100.000000
116 100.000000 69.815794 8.555895
706 100.000000 84.626338 9.435815
1928 72.893242 0.000000 91.377125
728 73.333333 0.000000 100.000000
913 81.395349 100.000000 0.000000
531 90.591441 100.000000 19.180939
1432 90.191167 100.000000 13.930539
729 100.000000 50.161681 65.287034
1126 100.000000 34.008717 64.654625
346 37.355555 52.740612 0.000000
485 0.000000 55.977004 78.038756
1073 0.000000 59.340743 6.388192
1031 0.000000 44.094356 8.015017
1158 0.000000 34.692251 78.733217
448 76.537127 100.000000 92.251899
1161 74.418605 100.000000 100.000000
755 92.142628 49.951971 0.000000
754 93.693889 40.621118 0.000000
756 91.730066 40.082661 0.000000
182 23.463583 50.756477 0.000000
184 24.756650 68.588542 0.000000
595 0.000000 45.066164 3.688308
1484 14.955077 42.099508 0.000000
1402 14.265479 49.358434 0.000000
844 74.872178 0.000000 42.893049
980 74.135804 0.000000 27.738812
495 0.000000 61.001623 50.284783
2227 0.000000 79.208671 49.431169
648 9.171280 52.956333 0.000000
2710 16.124689 96.986265 100.000000
2705 16.881613 97.397677 100.000000
2047 51.398238 100.000000 6.771274
2062 50.206223 100.000000 9.872769
1327 96.641204 100.000000 72.571472
1983 69.685617 15.233366 100.000000
2049 98.060855 100.000000 2.494999
707 98.763693 100.000000 4.836408
1139 12.359678 92.681084 0.000000
521 13.953488 100.000000 0.000000
992 100.000000 28.033044 39.664378
327 0.000000 25.000000 0.000000
297 93.547409 56.457319 0.000000
298 91.782865 60.848129 0.000000
806 90.592972 100.000000 6.661278
402 92.549312 100.000000 9.584734
2419 68.786089 88.652411 100.000000
277 55.373012 23.789183 100.000000
2417 54.949911 38.941391 100.000000
2029 92.087356 100.000000 2.374616
369 92.846353 21.124368 100.000000
1163 26.551523 0.000000 55.060738
535 89.060256 100.000000 9.073898
1874 2.508843 0.000000 94.875113
146 54.761905 0.000000 0.000000
2314 53.228083 0.000000 11.083903
141 52.877074 0.000000 27.149468
2333 54.296185 0.000000 15.941900
1044 94.618235 100.000000 61.782547
2146 8.163369 8.492007 0.000000
2152 8.923337 4.673037 0.000000
101 18.460164 24.245587 0.000000
102 20.901959 18.270875 0.000000
764 80.956335 37.846344 0.000000
2722 68.208664 40.959399 100.000000
476 90.207870 46.763112 0.000000
1369 8.734191 100.000000 17.335487
661 5.716912 100.000000 20.060554
381 0.000000 86.276388 65.780842
1423 16.667714 100.000000 71.113841
571 5.875347 21.812947 0.000000
336 4.422945 12.964801 0.000000
193 10.125196 20.921110 100.000000
2787 19.390647 19.662777 100.000000
265 8.656268 26.423322 100.000000
165 86.539014 58.482605 100.000000
2147 7.021113 7.455951 0.000000
2801 92.482861 0.000000 56.596418
2800 91.158347 0.000000 58.596355
549 0.000000 25.215045 82.382608
2054 6.235886 100.000000 96.294154
773 3.292307 100.000000 91.356865
2052 3.783108 100.000000 95.480272
397 43.936932 26.579679 0.000000
2638 44.168047 42.977207 0.000000
1311 0.000000 0.000000 47.368421
263 7.419739 33.071623 100.000000
110 100.000000 100.000000 52.631579
887 46.511628 100.000000 0.000000
2639 46.628024 82.120101 0.000000
2651 45.508443 87.898788 0.000000
1381 14.404470 85.582036 100.000000
785 97.537335 100.000000 83.483439
401 41.860465 100.000000 0.000000
622 35.433228 0.000000 71.685420
2261 39.494576 0.000000 82.774666
669 50.181937 100.000000 70.388214
1049 48.011810 100.000000 61.870556
2164 22.204686 9.996520 0.000000
1320 90.432197 0.000000 90.174242
1447 87.766659 0.000000 93.179713
2308 51.824298 0.000000 12.328144
501 11.047024 85.587404 0.000000
2367 24.905551 6.652936 100.000000
2376 25.550975 8.865649 100.000000
2341 23.392273 7.928216 100.000000
1503 5.279841 0.000000 5.580210
2769 7.617627 0.000000 2.662220
1114 35.556140 100.000000 58.000924
1931 84.407156 0.000000 95.935060
1932 85.802050 0.000000 95.285901
2266 24.046157 0.000000 95.284201
2695 20.001690 100.000000 96.066202
593 41.610573 63.375308 100.000000
2680 100.000000 90.498695 15.415583
848 80.752865 0.000000 15.886143
845 77.330639 0.000000 11.262911
2788 20.564065 19.685964 100.000000
2789 21.239433 23.743025 100.000000
2149 43.872038 11.518717 0.000000
1302 84.021727 100.000000 38.134586
930 86.161551 100.000000 45.472717
200 78.772807 20.062344 100.000000
1985 77.108897 12.621441 100.000000
2586 66.559363 19.247498 0.000000
895 66.666667 0.000000 0.000000
2591 65.853575 18.899520 0.000000
753 95.089299 50.883521 0.000000
1005 95.137219 61.506071 0.000000
986 100.000000 39.120509 28.350544
1316 100.000000 25.501899 26.337092
987 100.000000 41.557037 34.906373
2396 76.220389 86.306798 100.000000
2368 31.921383 9.801313 100.000000
2391 32.792900 11.827384 100.000000
2369 45.455799 47.206583 100.000000
2356 46.949747 41.921822 100.000000
1060 2.831713 100.000000 79.398074
55 87.158242 35.888151 0.000000
2210 100.000000 93.068749 95.219701
2830 86.913928 0.000000 73.613712
411 0.000000 68.327050 21.929017
1355 89.024111 0.000000 86.675495
1299 75.624664 59.623731 0.000000
2421 59.671374 49.930985 100.000000
2370 15.609295 5.809012 100.000000
1046 3.522932 100.000000 9.972457
2271 48.753378 0.000000 49.094350
2280 49.919478 0.000000 53.757554
1374 62.094717 100.000000 25.584912
1187 2.125568 0.000000 10.452869
490 28.571429 0.000000 0.000000
792 26.190476 0.000000 0.000000
2119 27.417903 11.629173 0.000000
2153 29.142057 9.248345 0.000000
778 9.644787 90.744654 100.000000
973 11.226747 86.285660 100.000000
2154 64.835251 27.541008 0.000000
2155 63.642621 29.583907 0.000000
2593 63.836911 40.289741 0.000000
2597 62.941916 43.445786 0.000000
2598 62.570116 37.432814 0.000000
2003 9.578311 95.645190 100.000000
2711 9.034820 93.917448 100.000000
2718 9.682880 93.517939 100.000000
2696 7.996487 93.190403 100.000000
2714 6.812060 92.859450 100.000000
2720 4.370626 92.734596 100.000000
2697 3.357375 92.457854 100.000000
2728 71.458285 36.890900 100.000000
730 73.422918 20.288846 100.000000
2726 72.373632 34.054282 100.000000
1990 57.658535 14.301937 100.000000
2011 58.944478 19.970997 100.000000
289 90.064335 0.000000 64.651153
2832 89.945935 0.000000 69.241020
2831 88.686932 0.000000 69.908454
1252 89.292383 0.000000 74.445511
961 95.348837 100.000000 0.000000
2698 21.353123 100.000000 96.741811
2102 11.549771 4.009454 0.000000
2158 10.538154 5.439081 0.000000
2159 9.754390 4.997060 0.000000
1098 9.523810 0.000000 0.000000
2454 6.325764 100.000000 5.666492
2452 5.359990 100.000000 6.329411
1991 63.581702 12.149857 100.000000
1241 6.666667 0.000000 100.000000
1471 8.888889 0.000000 100.000000
1248 16.866056 100.000000 13.995305
1339 8.737077 0.000000 11.383658
1933 32.544490 0.000000 15.361038
480 18.168760 69.856947 100.000000
1934 1.170033 0.000000 7.387247
1945 1.252347 0.000000 5.197649
505 13.355259 59.233444 100.000000
1464 100.000000 23.559216 22.245336
160 54.246612 0.000000 57.450637
1389 55.738972 0.000000 70.395922
2424 96.757189 94.117240 100.000000
2423 95.745112 94.616991 100.000000
2268 24.278391 0.000000 92.603358
2282 25.051761 0.000000 92.246525
972 10.919548 80.301620 100.000000
1992 61.779930 16.138828 100.000000
1993 60.557435 20.495199 100.000000
2001 62.790081 14.250592 100.000000
2160 34.246534 9.539494 0.000000
2002 74.440862 9.651663 100.000000
1986 75.408829 14.916165 100.000000
1473 78.655891 54.813594 0.000000
2756 79.805375 45.877998 0.000000
1042 91.931969 100.000000 68.648012
279 55.555556 0.000000 100.000000
1378 63.476611 100.000000 45.092532
752 47.619048 0.000000 0.000000
1936 49.428255 0.000000 16.444819
1935 48.596118 0.000000 12.458437
711 100.000000 60.000000 0.000000
2741 25.412911 39.950823 0.000000
2742 24.025686 36.615691 0.000000
271 0.000000 20.626916 62.970290
268 0.000000 0.000000 63.157895
18 0.000000 65.464012 84.097188
325 100.000000 51.845457 25.012400
1452 54.051454 100.000000 59.591080
2425 67.598889 84.738959 100.000000
1456 12.284352 100.000000 13.100631
534 87.420333 100.000000 12.740504
2727 78.734423 31.110152 100.000000
740 90.697674 100.000000 100.000000
679 11.007018 100.000000 34.236612
2211 100.000000 13.664112 48.376767
2196 100.000000 18.262576 45.971760
1994 37.727665 81.808698 100.000000
1997 36.845883 84.196966 100.000000
674 51.950116 100.000000 64.798065
2732 53.939087 100.000000 71.246561
750 48.481522 0.000000 29.913487
1923 50.635382 0.000000 23.407350
747 50.325167 0.000000 42.087582
2757 96.242601 45.821149 0.000000
2758 97.140396 46.721246 0.000000
2051 5.101659 100.000000 95.925103
403 44.186047 100.000000 0.000000
2644 43.713397 83.418637 0.000000
2645 42.680349 81.043394 0.000000
892 52.749439 59.587196 0.000000
2599 54.345708 44.191632 0.000000
2600 53.372129 44.833204 0.000000
820 69.047619 0.000000 0.000000
2309 51.511356 0.000000 35.927953
117 100.000000 100.000000 5.263158
2037 99.369855 100.000000 6.953255
2055 99.533387 100.000000 4.263205
929 86.957390 100.000000 37.532742
2455 28.755837 100.000000 8.757714
1113 30.232558 100.000000 0.000000
1407 14.681205 64.451027 100.000000
2056 63.363797 100.000000 16.845777
654 0.000000 89.895781 28.168225
2748 86.521298 53.458601 0.000000
767 83.262418 39.909463 0.000000
547 89.271470 40.413066 100.000000
295 92.005756 0.000000 93.498636
2759 93.840320 48.558072 0.000000
2317 74.580549 0.000000 7.675784
1441 91.111111 0.000000 100.000000
270 0.000000 39.092784 64.114758
497 0.000000 44.250581 56.971317
1959 11.742769 98.013031 100.000000
1960 12.994321 96.577613 100.000000
2015 15.264673 95.899818 100.000000
1996 14.382801 96.972652 100.000000
2713 14.363468 94.837229 100.000000
2296 73.227631 0.000000 15.049631
2809 18.192899 0.000000 3.830695
2024 60.555412 100.000000 15.535227
2078 62.481684 100.000000 13.330189
2373 44.364879 44.101209 100.000000
2040 0.715556 100.000000 94.194785
2058 1.476537 100.000000 89.282595
2162 45.691447 15.311301 0.000000
651 11.974382 92.144411 100.000000
591 12.916182 87.717364 100.000000
2544 75.196102 42.768088 0.000000
2609 74.340116 40.210065 0.000000
727 75.555556 0.000000 100.000000
1204 100.000000 19.196463 64.675666
918 13.283693 43.423018 0.000000
2247 13.969615 0.000000 97.227749
1014 60.852447 50.209678 100.000000
1011 61.533374 33.373497 100.000000
1048 46.042914 100.000000 43.147507
1897 41.282268 0.000000 14.978894
1938 40.103149 0.000000 12.958074
2532 54.424826 100.000000 33.723051
852 67.441860 100.000000 0.000000
2060 69.118373 100.000000 8.052445
1061 100.000000 30.729599 97.412497
529 4.183548 0.000000 12.604633
716 98.977382 0.000000 90.806917
614 37.777778 0.000000 100.000000
2272 36.864333 0.000000 83.461269
2276 37.741642 0.000000 86.068969
2269 35.600966 0.000000 87.013721
148 55.861178 0.000000 51.642978
2165 50.519270 23.864183 0.000000
2484 42.942581 100.000000 22.708565
1887 0.000000 9.417858 44.636544
1888 0.000000 11.110536 42.294633
1201 49.237064 20.323895 100.000000
771 47.591183 27.132962 100.000000
2374 48.013722 12.390849 100.000000
612 90.200340 64.745649 0.000000
990 83.862244 100.000000 6.124507
673 79.168322 100.000000 90.980466
2365 26.158286 12.338847 100.000000
834 93.028313 12.012020 100.000000
2320 62.483377 0.000000 46.012083
1330 90.195980 56.333389 0.000000
1980 25.411988 85.707458 100.000000
1998 24.344734 87.650687 100.000000
2166 46.724553 17.430343 0.000000
2456 29.746831 100.000000 12.024646
2500 30.483633 100.000000 10.440014
2433 30.201703 100.000000 28.237958
2264 46.182312 0.000000 78.419253
2625 46.909913 51.821413 0.000000
2641 45.272969 53.673945 0.000000
684 33.071440 49.131643 0.000000
2736 34.506713 36.501446 0.000000
76 7.475688 0.000000 8.666443
1901 10.183014 0.000000 6.375239
2167 78.115063 86.026083 0.000000
720 100.000000 16.640657 96.037438
2669 100.000000 6.940336 96.192710
358 30.952381 0.000000 0.000000
2168 29.896603 11.601869 0.000000
2321 91.960784 0.000000 3.851218
2761 94.728376 44.876431 0.000000
394 57.781223 0.000000 55.534256
2315 56.827366 0.000000 40.995741
2316 58.301341 0.000000 40.821666
2323 59.308081 0.000000 46.636608
2833 84.634424 0.000000 79.010391
17 10.880383 100.000000 8.883271
2457 13.291923 100.000000 5.394000
2458 12.193243 100.000000 3.799005
884 61.807079 66.999302 100.000000
615 36.535547 30.455691 100.000000
2371 37.062162 14.355714 100.000000
2459 10.148516 100.000000 6.188746
1211 8.297944 100.000000 11.647272
2324 60.977479 0.000000 42.850996
2325 60.148680 0.000000 45.262944
2426 73.970198 86.241588 100.000000
2533 98.631010 100.000000 88.118055
2518 98.998457 100.000000 89.213459
246 0.000000 0.000000 57.894737
2379 6.247113 3.477289 100.000000
2380 5.627632 4.493421 100.000000
592 42.723008 41.442399 100.000000
588 45.125523 27.632568 100.000000
2699 49.770560 100.000000 59.045112
0 83.167606 82.063514 100.000000
2064 93.410662 100.000000 3.121501
2479 40.023388 100.000000 11.398709
2066 41.209922 100.000000 17.143818
2502 40.505643 100.000000 9.158160
2559 78.663144 14.401002 0.000000
967 6.976744 100.000000 100.000000
1999 6.741125 96.181292 100.000000
1988 8.271635 96.489055 100.000000
1096 4.651163 100.000000 100.000000
2000 5.738663 94.548841 100.000000
1882 1.364488 100.000000 3.123481
1231 9.267719 100.000000 30.431841
1234 12.584952 100.000000 22.249527
2671 100.000000 7.081324 76.870695
909 79.069767 100.000000 0.000000
2172 80.816421 92.445835 0.000000
2173 79.123078 93.152715 0.000000
908 76.744186 100.000000 0.000000
2174 78.593468 90.499307 0.000000
2527 73.423785 100.000000 89.996904
1889 0.000000 6.382016 32.853435
914 0.000000 15.454665 56.573519
2514 96.004372 100.000000 95.327837
247 9.236871 0.000000 61.328411
2033 40.039353 100.000000 20.278293
2743 22.789094 39.621013 0.000000
372 8.456720 40.980701 100.000000
183 22.327568 67.353546 0.000000
2700 48.668628 100.000000 50.625217
2701 47.648763 100.000000 48.062039
123 0.000000 83.137776 9.618286
35 31.111111 0.000000 100.000000
2274 29.503146 0.000000 92.107669
1449 95.369725 7.674163 100.000000
2462 14.161005 100.000000 6.581090
1411 59.757744 100.000000 77.976523
2027 34.276786 100.000000 19.612662
2437 35.201441 100.000000 29.269626
2829 81.192401 0.000000 83.913045
2731 75.734795 73.104846 0.000000
2275 28.451402 0.000000 90.221228
2536 75.121454 100.000000 93.222657
2534 74.097825 100.000000 93.976381
1261 58.139535 100.000000 100.000000
2265 38.556409 0.000000 88.276374
2283 0.921106 0.000000 97.102853
1872 1.556148 0.000000 98.355953
742 55.813953 100.000000 0.000000
2182 55.090998 83.290106 0.000000
2692 1.167358 84.615046 0.000000
1943 99.398876 0.000000 95.072998
129 98.137280 86.083596 0.000000
589 88.095238 0.000000 0.000000
2560 86.952491 4.353635 0.000000
220 26.235551 51.182914 100.000000
801 74.418605 100.000000 0.000000
2361 45.168725 10.650868 100.000000
2382 45.905351 13.609135 100.000000
2375 46.660489 16.153103 100.000000
2649 5.302054 92.920182 0.000000
2230 0.000000 85.652945 47.419411
2228 0.000000 89.589179 45.649920
2702 21.893909 100.000000 95.601577
2358 38.910050 10.673834 100.000000
1891 0.000000 8.348612 34.455375
2032 38.536154 100.000000 19.565321
2439 38.184589 100.000000 29.374869
1937 77.339201 0.000000 93.034829
1921 77.911339 0.000000 94.964091
2623 30.824457 89.986628 0.000000
2624 29.408015 92.566382 0.000000
2105 30.620002 14.148444 0.000000
2226 0.000000 45.486553 50.702197
1965 98.854079 19.154089 100.000000
2326 55.748282 0.000000 41.175556
1376 13.888015 10.102558 0.000000
617 0.000000 80.000000 100.000000
2791 96.999385 0.000000 98.707286
2144 64.651964 82.536533 0.000000
2177 63.717188 77.069062 0.000000
2004 78.622503 8.731261 100.000000
2005 79.453032 10.972522 100.000000
1940 70.078303 0.000000 86.935381
1947 70.819165 0.000000 92.077400
902 97.065862 100.000000 5.429797
1982 71.104062 11.599089 100.000000
2562 86.138405 5.207428 0.000000
2561 85.134459 6.161673 0.000000
1987 80.416817 15.096483 100.000000
2006 81.208220 10.495509 100.000000
280 50.603480 38.200389 100.000000
2394 50.763680 29.018407 100.000000
2392 51.509792 29.621184 100.000000
2069 71.890959 100.000000 6.815016
2328 63.914998 0.000000 48.044724
2070 67.533041 100.000000 7.395576
2071 67.057056 100.000000 10.245768
2329 90.258308 0.000000 3.070655
2427 66.034873 89.789545 100.000000
195 76.190476 0.000000 0.000000
2313 77.456041 0.000000 5.605244
2330 76.045654 0.000000 4.547964
2277 34.598240 0.000000 88.951553
1084 85.714286 0.000000 0.000000
2331 86.407605 0.000000 4.778351
276 53.333333 0.000000 100.000000
772 2.325581 100.000000 100.000000
1989 2.274786 96.496275 100.000000
2009 3.625662 96.047725 100.000000
2840 74.229352 4.540993 100.000000
2010 73.587656 8.512310 100.000000
2628 2.246833 94.099893 0.000000
2278 16.505513 0.000000 96.363507
2256 17.533326 0.000000 96.653539
1892 0.000000 91.300595 95.127048
2012 59.795156 18.685973 100.000000
2213 100.000000 7.512066 14.498202
2372 35.717785 17.507348 100.000000
2386 34.914210 14.676849 100.000000
2563 79.176428 41.880431 0.000000
2545 77.554225 43.257380 0.000000
2013 56.265954 9.462069 100.000000
2014 54.964890 9.219225 100.000000
912 80.347700 100.000000 5.249075
671 50.040311 100.000000 47.543505
528 47.871698 100.000000 36.604874
1902 12.095765 0.000000 4.115067
1949 12.744609 0.000000 4.844020
709 100.000000 80.000000 0.000000
2703 25.390983 100.000000 94.519730
69 100.000000 44.237775 69.465420
2180 99.171580 85.066874 0.000000
2790 21.940812 24.230395 100.000000
2564 83.911606 8.254366 0.000000
2072 54.423236 100.000000 8.653830
2048 53.089872 100.000000 11.237059
2045 55.985974 100.000000 13.262656
2073 55.189430 100.000000 10.789715
2334 89.655170 0.000000 3.940331
2428 66.826096 87.349415 100.000000
2181 82.062048 92.763228 0.000000
2523 58.643809 100.000000 84.003310
2537 57.704419 100.000000 82.820328
2068 1.874285 100.000000 87.345475
2679 100.000000 92.074351 5.375570
2682 100.000000 92.637398 7.266096
1950 86.439529 0.000000 97.013142
1951 87.517825 0.000000 96.600095
2057 61.677526 100.000000 10.890066
739 53.488372 100.000000 0.000000
2183 54.275974 80.829093 0.000000
2050 96.800302 100.000000 2.208792
2075 95.851539 100.000000 3.119164
127 0.000000 100.000000 5.555556
2768 25.967574 0.000000 5.914987
2770 25.051056 0.000000 5.383406
1968 52.261180 21.773838 100.000000
2007 50.840074 20.031184 100.000000
2348 51.875279 10.800999 100.000000
2076 89.485232 100.000000 3.445210
29 0.000000 100.000000 94.444444
2388 38.107260 12.640158 100.000000
2074 71.134708 100.000000 8.937853
1335 71.111111 0.000000 100.000000
1948 71.768208 0.000000 91.381229
1898 42.784189 0.000000 18.748232
2796 96.945823 0.000000 0.780566
1893 0.000000 14.286301 51.988491
2429 94.754702 95.192484 100.000000
2281 2.414785 0.000000 87.820459
2565 82.266885 6.309440 0.000000
2566 83.129064 7.296026 0.000000
2652 44.724881 85.738252 0.000000
2530 51.672874 100.000000 31.512475
2124 53.164315 79.941547 0.000000
1340 14.364614 91.955195 100.000000
2762 95.415730 45.180109 0.000000
2672 100.000000 10.896536 63.021152
2034 77.694271 100.000000 4.815298
2063 30.597763 100.000000 19.512944
2658 100.000000 16.014042 98.080816
2279 47.790811 0.000000 44.038494
2017 68.779467 12.888600 100.000000
1969 53.515151 18.371079 100.000000
2744 35.662369 37.200956 0.000000
2187 39.655864 15.236583 0.000000
2176 33.328833 11.112565 0.000000
199 73.809524 0.000000 0.000000
2335 75.441592 0.000000 5.871665
2079 70.211356 100.000000 7.845945
2336 55.133896 0.000000 13.718381
2766 22.042559 0.000000 4.268629
2390 49.038040 10.735132 100.000000
2772 9.394747 0.000000 1.635321
2704 0.000000 81.749434 98.931548
1890 0.000000 81.561687 97.959564
2043 31.912840 100.000000 19.347132
2451 31.357381 100.000000 10.222465
526 45.491638 71.635585 0.000000
1878 0.883290 100.000000 96.912245
2189 25.977107 12.463758 0.000000
2080 95.121632 100.000000 2.658428
2169 73.904377 25.304880 0.000000
2602 73.910583 36.917123 0.000000
935 71.428571 0.000000 0.000000
2065 94.365090 100.000000 2.215746
890 50.486298 48.353776 0.000000
2110 52.586036 30.152229 0.000000
2171 51.806693 23.379299 0.000000
2161 53.795492 32.473923 0.000000
2570 52.597879 43.080065 0.000000
2185 69.015585 84.156567 0.000000
2192 61.862513 78.905278 0.000000
2605 62.458680 10.968293 0.000000
2606 62.934726 15.216728 0.000000
2592 64.515952 41.376133 0.000000
2191 62.416866 83.095243 0.000000
2113 67.638662 79.325246 0.000000
2572 72.166964 15.207960 0.000000
2179 68.347155 27.455305 0.000000
2610 68.798579 38.088396 0.000000
2111 71.052179 28.361762 0.000000
2547 69.818221 41.615546 0.000000
2633 48.429131 50.257755 0.000000
2740 36.663322 38.863148 0.000000
2685 36.857672 66.293412 0.000000
2551 57.173381 41.098677 0.000000
2621 56.161610 42.528423 0.000000
2132 57.908712 26.359545 0.000000
2554 67.118268 42.616597 0.000000
2614 68.042445 40.774144 0.000000
2137 66.904748 29.872445 0.000000
1995 72.511816 8.080049 100.000000
2112 72.366235 29.860246 0.000000
2576 73.342000 16.389080 0.000000
1875 2.023578 0.000000 96.764508
2284 2.176479 0.000000 99.378060
2285 2.659578 0.000000 98.534346
2290 1.392992 0.000000 92.634794
2292 3.097242 0.000000 98.173207
1952 1.776173 0.000000 1.229148
1953 0.965912 0.000000 3.543172
2338 97.970707 0.000000 1.101364
2081 0.399711 100.000000 96.387869
2082 1.527266 100.000000 98.174969
2084 2.653546 100.000000 98.158994
2085 2.989807 100.000000 96.816398
2086 3.458898 100.000000 96.483212
2087 1.281118 100.000000 91.134830
2464 0.602761 100.000000 3.504344
632 0.000000 100.000000 100.000000
2805 20.843554 0.000000 4.538066
1906 98.365744 0.000000 97.382591
2792 98.263201 0.000000 98.772331
2806 15.578926 0.000000 2.778955
2807 17.244818 0.000000 3.142251
2808 16.373320 0.000000 2.817126
2812 20.411657 0.000000 3.503304
2810 19.678411 0.000000 3.161613
2773 3.768323 0.000000 2.887064
1927 5.430474 0.000000 1.485322
2816 4.505825 0.000000 3.815993
2817 5.128238 0.000000 3.753198
1930 7.496295 0.000000 1.418348
1942 6.414113 0.000000 1.893580
2820 5.809249 0.000000 4.036006
2819 6.312846 0.000000 3.586656
2776 6.783066 0.000000 2.535941
2777 6.074447 0.000000 3.118902
1876 1.923668 0.000000 2.956630
2778 2.973010 0.000000 3.180114
2813 1.653544 0.000000 4.298424
2793 97.642570 0.000000 98.791737
1981 16.073400 94.647566 100.000000
2008 10.704603 96.182232 100.000000
2717 10.473600 93.764465 100.000000
2719 11.256639 94.352362 100.000000
2707 13.441783 94.521251 100.000000
1971 21.907049 90.654667 100.000000
2393 52.746236 12.736479 100.000000
2018 54.296597 12.844871 100.000000
2709 1.054167 87.194596 100.000000
2712 2.065312 93.975795 100.000000
2715 6.109530 91.426195 100.000000
2716 5.343657 92.228487 100.000000
2016 4.774441 94.597624 100.000000
2384 50.101373 28.220872 100.000000
2706 11.873972 95.318342 100.000000
2721 4.916875 92.026097 100.000000
2466 45.013037 100.000000 12.510962
2465 46.035842 100.000000 29.595785
2495 35.158191 100.000000 10.233384
2494 35.833421 100.000000 11.189123
2044 33.106422 100.000000 19.657902
2472 34.013239 100.000000 26.912670
2471 34.316636 100.000000 10.240260
2473 33.423992 100.000000 12.091363
2475 47.550687 100.000000 12.692131
2474 48.141499 100.000000 26.703101
2477 39.531945 100.000000 27.985832
2481 41.363783 100.000000 25.515398
2480 40.783142 100.000000 29.925694
2497 41.254378 100.000000 8.090111
2498 42.096462 100.000000 7.631739
2485 42.952113 100.000000 7.829896
2061 42.318893 100.000000 14.606949
2490 33.434066 100.000000 28.152073
2489 32.359352 100.000000 12.034698
2491 32.861976 100.000000 10.945991
2493 36.512068 100.000000 8.105756
2496 36.177311 100.000000 29.646133
2499 42.251579 100.000000 22.937704
2503 41.922356 100.000000 25.165222
2567 76.266609 44.253777 0.000000
1475 28.871971 23.010685 0.000000
2571 53.768946 19.100002 0.000000
2569 53.060906 14.526306 0.000000
2573 71.079088 41.189444 0.000000
2575 71.964398 44.652976 0.000000
2577 73.054642 37.915621 0.000000
2824 14.079055 1.912377 0.000000
2579 58.451944 35.961232 0.000000
2578 58.543445 12.766991 0.000000
2581 59.975018 10.284353 0.000000
2582 60.596896 15.284239 0.000000
2150 65.669944 32.366799 0.000000
2584 66.031879 42.449749 0.000000
2585 67.701881 15.098723 0.000000
2613 68.685736 14.017092 0.000000
2170 61.750045 24.104227 0.000000
2587 60.593205 38.154948 0.000000
2588 59.711256 38.594537 0.000000
2607 61.721858 35.278710 0.000000
2589 61.418151 15.520511 0.000000
2163 44.684628 13.352424 0.000000
2590 64.988838 47.181243 0.000000
2595 65.536649 15.342297 0.000000
2184 62.743321 26.344603 0.000000
2596 63.779727 17.104737 0.000000
2594 64.791105 14.928658 0.000000
2186 55.257355 27.612777 0.000000
2619 55.539622 40.557975 0.000000
2601 54.640391 18.347552 0.000000
2603 74.462899 11.572314 0.000000
2604 75.068116 16.167610 0.000000
2608 75.656666 15.648689 0.000000
2611 69.646288 13.514339 0.000000
2615 62.111603 37.369180 0.000000
2616 63.435872 14.666517 0.000000
2617 55.618259 12.551060 0.000000
2618 56.288788 16.794972 0.000000
2209 100.000000 11.518230 29.538773
2231 0.000000 90.696571 15.239168
2287 4.926933 0.000000 96.688114
2763 53.778137 0.000000 48.126285
2318 73.741944 0.000000 10.329108
2794 79.941247 0.000000 2.490188
2795 79.222532 0.000000 2.853611
2460 11.212512 100.000000 4.717755
2486 43.725599 100.000000 8.833872
2521 92.593186 100.000000 96.244932
2642 44.680862 48.312776 0.000000
2661 100.000000 12.542064 61.100796
2804 100.000000 6.728138 62.692312
2708 12.571115 94.640404 100.000000
2825 14.459688 1.524235 0.000000
2774 4.728118 0.000000 2.708561
2775 5.557542 0.000000 2.802970
2818 5.569864 0.000000 3.858257
2780 11.702440 1.663019 0.000000
2782 14.457912 2.731603 0.000000
2814 15.016073 1.452962 0.000000
2811 18.881092 0.000000 3.229029
2835 85.566905 0.000000 76.472308
