236 0.000000 16.666667 100.000000
2582 0.000000 22.264907 92.200746
2585 0.000000 16.558592 93.134964
141 48.977703 38.903299 100.000000
729 49.928164 29.270367 100.000000
503 57.917226 28.258740 100.000000
216 0.000000 88.096438 56.198675
330 0.000000 92.401984 47.439950
674 0.000000 83.156616 52.811544
111 76.819427 100.000000 67.179654
636 79.686413 100.000000 70.196973
398 83.244294 100.000000 66.973511
62 100.000000 28.125251 65.249791
457 100.000000 29.918392 59.142552
470 100.000000 45.159312 59.666324
140 65.603156 0.000000 68.009085
602 62.966365 0.000000 63.092073
2176 69.618535 0.000000 60.295500
706 100.000000 0.000000 68.750000
2667 100.000000 8.874657 69.684119
2666 100.000000 6.270589 72.259609
2550 100.000000 14.558082 71.733109
2571 100.000000 15.093472 67.537604
2665 100.000000 20.775515 68.412245
262 100.000000 18.067626 77.169188
2653 100.000000 7.920208 76.130817
343 48.968029 92.390872 0.000000
626 50.000000 100.000000 0.000000
2006 58.176989 94.718192 0.000000
175 12.562778 23.889649 0.000000
346 19.023998 22.089902 0.000000
1751 14.457147 17.748414 0.000000
160 100.000000 38.993876 52.880796
569 100.000000 46.658240 46.615046
588 100.000000 54.358302 50.669603
128 89.162806 100.000000 71.478181
2081 86.649349 100.000000 70.623540
397 85.412595 100.000000 72.442417
99 0.000000 100.000000 100.000000
2301 10.883147 88.503885 100.000000
375 20.157189 89.163977 100.000000
77 42.663824 54.337487 0.000000
662 36.498951 58.363807 0.000000
709 44.297522 62.976211 0.000000
270 71.365539 0.000000 11.101129
510 81.671616 0.000000 5.883155
1917 78.111513 0.000000 12.345796
82 0.000000 61.092675 51.399829
2030 0.000000 57.423649 48.522039
570 0.000000 53.394088 55.936617
91 100.000000 69.511832 29.859250
455 100.000000 73.568260 36.912513
2298 100.000000 59.878095 34.957540
72 0.000000 37.137360 5.592486
733 0.000000 33.333333 0.000000
445 0.000000 30.727205 9.651677
101 55.493285 65.003156 100.000000
412 45.179530 68.717786 100.000000
653 49.285897 61.825914 100.000000
181 42.799743 41.668856 0.000000
424 32.378037 38.323621 0.000000
394 35.743142 49.566613 0.000000
251 22.219155 100.000000 48.678510
2682 29.713816 100.000000 48.080677
1632 31.184150 100.000000 42.574544
331 64.420083 0.000000 34.068031
2215 67.939435 0.000000 34.260330
717 64.373548 0.000000 37.742216
1529 40.473103 76.283869 100.000000
2003 36.816537 72.051751 100.000000
155 49.389024 19.111514 0.000000
565 42.045398 25.841034 0.000000
453 48.127758 31.764308 0.000000
448 100.000000 10.942641 14.827738
2702 100.000000 7.488400 20.378212
2703 100.000000 6.774678 17.634861
104 37.923216 0.000000 8.768627
2050 31.643491 0.000000 11.365681
421 27.703101 0.000000 6.163135
127 65.607062 77.519954 0.000000
528 72.556824 69.708723 0.000000
345 60.782136 65.175504 0.000000
187 0.000000 51.057858 29.481969
461 0.000000 47.750977 36.520065
597 0.000000 54.404990 33.947060
348 100.000000 30.140370 40.866479
423 100.000000 35.182987 47.005156
2676 100.000000 26.403669 47.570912
17 16.377200 0.000000 8.092975
309 25.480897 0.000000 11.552769
1464 21.872725 0.000000 16.281931
55 3.090175 14.979507 0.000000
289 0.000000 25.000000 0.000000
501 6.319960 23.946655 0.000000
220 100.000000 72.621088 22.453533
2162 100.000000 81.121293 21.251699
323 100.000000 81.179831 27.275585
2475 0.000000 97.338015 94.158146
2500 0.000000 95.383769 96.372864
12 95.974222 100.000000 78.982953
442 100.000000 100.000000 86.666667
666 100.000000 100.000000 80.000000
657 78.049444 89.476163 100.000000
2626 88.304970 93.567103 100.000000
686 85.714286 100.000000 100.000000
502 15.287901 100.000000 41.494251
2679 20.126962 100.000000 45.274523
167 100.000000 100.000000 53.333333
399 100.000000 100.000000 60.000000
372 100.000000 83.414775 61.285125
242 19.626205 24.565811 100.000000
598 11.142247 23.935527 100.000000
511 23.067811 11.980567 100.000000
172 42.759324 0.000000 59.237078
730 46.478950 0.000000 62.455063
702 39.244801 0.000000 66.316624
15 14.939523 100.000000 73.386931
406 18.351713 100.000000 62.397605
400 0.000000 100.000000 69.230769
276 0.000000 66.666667 100.000000
481 0.000000 75.000000 100.000000
2477 0.000000 76.425322 91.787101
1795 39.942210 32.945657 0.000000
267 81.192173 0.000000 29.537928
487 73.173756 0.000000 32.225089
516 76.468406 0.000000 25.731617
66 52.979319 92.853477 100.000000
498 43.866287 89.235336 100.000000
493 56.849894 83.601903 100.000000
70 100.000000 0.000000 37.500000
377 100.000000 0.000000 43.750000
680 94.539564 0.000000 41.241951
86 0.000000 50.000000 100.000000
629 8.977410 51.038198 100.000000
1995 0.000000 58.333333 100.000000
296 0.000000 31.220891 47.784153
2263 0.000000 23.470503 49.525493
404 0.000000 22.025764 61.746722
54 72.708560 59.515316 0.000000
668 81.873701 58.183614 0.000000
354 78.058295 52.657881 0.000000
41 0.000000 84.184394 45.249473
582 0.000000 77.923065 42.377982
508 0.000000 74.872106 51.940396
478 0.000000 46.377021 87.208927
1603 0.000000 53.082540 79.100279
2597 0.000000 47.715067 80.235914
107 0.000000 0.000000 22.222222
386 7.121959 0.000000 31.662863
315 0.000000 0.000000 33.333333
25 12.523395 100.000000 30.281041
731 11.972656 100.000000 23.434723
488 0.000000 100.000000 30.769231
137 0.000000 39.662460 39.271019
575 0.000000 38.550975 46.623388
689 0.000000 44.772003 44.686582
26 48.550176 81.875012 0.000000
2306 55.664234 87.842853 0.000000
446 58.196307 82.154760 0.000000
79 100.000000 76.249748 97.224284
566 100.000000 85.538537 92.680577
714 100.000000 88.625223 96.639572
180 8.490842 58.057886 0.000000
1974 0.000000 58.333333 0.000000
581 0.000000 66.666667 0.000000
623 100.000000 22.686024 54.186094
2670 100.000000 21.271685 60.138339
2552 100.000000 14.214924 60.700426
2554 100.000000 9.147331 58.375796
2553 100.000000 16.264881 63.928654
2672 100.000000 9.836427 66.589378
621 100.000000 66.234959 55.665274
206 13.672324 79.969973 100.000000
382 0.000000 91.666667 100.000000
84 100.000000 90.909091 0.000000
376 100.000000 100.000000 0.000000
2677 100.000000 90.986617 4.630901
248 27.939808 0.000000 81.602425
724 27.256373 0.000000 77.208502
405 35.375324 0.000000 76.342801
353 86.565799 42.932015 0.000000
1805 81.407163 37.275741 0.000000
2303 79.397587 45.484778 0.000000
188 0.000000 79.830159 24.268147
518 0.000000 73.051542 27.320018
600 0.000000 76.467837 30.959395
48 79.263543 86.349583 0.000000
269 90.456574 81.703738 0.000000
590 82.685812 77.990859 0.000000
173 0.000000 100.000000 7.692308
589 0.000000 100.000000 0.000000
2598 0.000000 96.737997 7.407550
3 56.601221 34.930060 0.000000
634 58.608368 44.017923 0.000000
466 65.850523 36.487752 0.000000
95 0.000000 36.080470 73.580814
552 0.000000 29.024282 69.332617
2583 0.000000 28.360427 78.161508
2584 0.000000 31.637730 80.643242
250 93.916870 18.116790 0.000000
606 92.595208 9.138759 0.000000
420 83.782958 16.582859 0.000000
117 87.128742 51.512568 0.000000
143 58.327141 100.000000 94.706031
659 64.003946 100.000000 90.234729
320 53.195151 100.000000 88.879068
735 51.141619 40.436550 0.000000
28 0.000000 69.922141 33.672296
2296 0.000000 67.551007 38.250202
415 0.000000 72.422238 38.584920
49 16.277909 0.000000 32.368634
452 17.512527 0.000000 42.632983
2439 10.835293 0.000000 38.590733
100 0.000000 75.000000 0.000000
303 0.000000 64.722811 2.768689
456 0.000000 70.515493 5.168822
34 46.608418 100.000000 38.630344
254 52.016262 100.000000 30.203172
459 39.515648 100.000000 35.263604
235 69.725126 100.000000 4.273204
318 70.000000 100.000000 0.000000
703 62.163410 100.000000 3.324436
2558 100.000000 11.436058 53.634944
245 64.429670 88.075428 0.000000
671 71.316782 84.043130 0.000000
684 0.000000 59.879064 93.249057
469 74.925491 0.000000 63.471892
441 87.241043 100.000000 6.757037
2531 93.471749 100.000000 7.438747
129 100.000000 100.000000 6.666667
2532 94.223518 100.000000 10.947682
71 45.622514 100.000000 23.836533
556 53.953264 100.000000 18.124034
363 44.396022 100.000000 17.241195
118 89.456152 84.792248 100.000000
426 78.629311 73.894310 100.000000
2627 90.358390 73.942183 100.000000
50 20.317809 68.507332 0.000000
379 9.153014 76.431656 0.000000
492 19.403719 78.614801 0.000000
149 40.000000 100.000000 0.000000
473 30.000000 100.000000 0.000000
649 34.263226 100.000000 4.478032
2186 50.181936 7.818229 0.000000
579 42.362324 9.257753 0.000000
174 100.000000 0.000000 25.000000
389 94.185332 0.000000 33.801091
635 95.103038 0.000000 26.307997
108 29.936043 0.000000 69.528347
395 20.776451 0.000000 76.030819
543 0.000000 77.612877 3.044360
176 0.000000 33.333333 100.000000
2478 0.000000 36.308446 92.258412
433 0.000000 25.000000 100.000000
349 69.182883 48.593128 0.000000
1643 65.494134 56.785597 0.000000
497 0.000000 57.409599 27.779369
520 27.272727 0.000000 100.000000
2608 17.406155 5.970490 100.000000
419 18.181818 0.000000 100.000000
47 13.720770 13.739422 100.000000
2470 10.589633 9.283403 100.000000
1790 23.084988 0.000000 67.809437
74 0.000000 60.787130 22.763812
574 0.000000 63.363323 26.481933
2235 0.000000 65.650986 22.056662
644 36.261820 100.000000 22.241527
305 20.156206 100.000000 20.246258
601 24.641612 100.000000 23.763509
197 3.513323 32.967962 0.000000
132 87.856698 0.000000 9.008272
2603 90.109351 0.000000 3.722857
1721 100.000000 0.000000 0.000000
183 100.000000 51.924844 94.800103
2683 100.000000 41.233065 96.890910
463 100.000000 41.578845 92.763538
119 74.042642 39.937335 0.000000
1722 74.375054 31.845274 0.000000
212 0.000000 40.636373 49.850992
587 0.000000 39.336539 55.227948
2277 0.000000 44.059198 51.192852
213 0.000000 67.364693 14.896662
571 0.000000 68.203528 10.357407
364 0.000000 60.119722 14.922083
449 87.567565 91.499963 0.000000
258 60.256111 100.000000 21.262400
1877 63.435154 100.000000 15.196013
151 33.803115 100.000000 18.868234
68 0.000000 78.412805 73.845244
627 0.000000 88.695429 63.666504
332 0.000000 76.228158 63.229225
16 33.270653 0.000000 54.496461
2688 38.718911 0.000000 52.244443
1374 39.698353 0.000000 55.292398
219 57.768326 0.000000 15.638176
351 62.627616 0.000000 10.436355
577 64.401254 0.000000 15.034715
22 30.182677 79.267961 100.000000
485 35.027232 84.701111 100.000000
2304 55.690405 0.000000 12.454607
291 100.000000 57.142857 100.000000
2183 100.000000 60.963469 96.398540
2479 0.000000 4.013190 23.705149
2480 0.000000 2.520248 16.740608
572 0.000000 6.373346 36.194993
2482 0.000000 5.213915 29.626382
361 0.000000 83.333333 0.000000
88 0.000000 24.136453 38.289816
310 0.000000 18.467453 29.029976
693 0.000000 14.071759 37.651695
5 82.749110 100.000000 75.051691
274 85.462247 100.000000 79.386305
551 87.771908 100.000000 75.066698
142 95.578607 0.000000 51.064083
675 100.000000 0.000000 50.000000
458 100.000000 0.000000 56.250000
237 42.610887 100.000000 73.004630
321 53.411675 100.000000 75.335348
1873 52.356682 100.000000 71.602150
719 16.822083 32.710105 0.000000
316 41.634800 0.000000 42.644284
366 43.765437 0.000000 49.933417
2269 38.141202 0.000000 49.255497
164 87.724448 100.000000 86.355751
2637 89.290848 100.000000 91.978235
226 100.000000 100.000000 93.333333
2 84.986559 100.000000 95.018644
2638 93.569352 100.000000 95.082553
42 31.660987 100.000000 95.458902
632 45.315246 100.000000 93.917179
2211 40.535809 100.000000 90.541894
555 91.713374 0.000000 58.763238
96 56.184569 100.000000 81.590137
2159 45.588843 100.000000 79.343912
438 42.968639 100.000000 85.199847
255 64.490204 27.306608 100.000000
708 66.575568 31.996399 100.000000
725 58.697015 34.982333 100.000000
116 0.000000 44.934330 57.473903
322 0.000000 37.355209 63.191267
223 10.000000 100.000000 0.000000
2631 7.997692 100.000000 2.852203
690 51.233860 0.000000 15.331771
78 11.816643 100.000000 48.350787
1996 0.000000 100.000000 46.153846
205 9.481010 0.000000 94.757091
559 8.990601 0.000000 89.701230
505 17.101502 0.000000 90.111460
126 0.000000 80.457632 34.528199
392 0.000000 85.376150 37.568544
374 0.000000 87.433188 30.295562
63 58.772535 19.674065 100.000000
507 66.637733 19.415766 100.000000
564 100.000000 0.000000 81.250000
2656 100.000000 8.624949 79.372995
194 60.247584 0.000000 40.640599
2221 60.073161 0.000000 36.812322
51 0.000000 83.333333 100.000000
1525 9.691643 69.986862 100.000000
383 72.727273 0.000000 0.000000
604 69.047160 8.729393 0.000000
639 76.874361 9.149414 0.000000
225 100.000000 55.918988 6.138408
1984 100.000000 59.679707 3.089918
356 100.000000 63.047763 6.057892
260 82.711235 28.122752 0.000000
300 42.857143 100.000000 100.000000
81 16.487682 100.000000 9.673365
214 23.846085 100.000000 4.817416
454 14.331747 100.000000 4.107399
1955 59.648583 0.000000 73.110842
407 55.358529 0.000000 68.440082
2481 0.000000 40.471131 94.631603
312 89.755428 0.000000 71.806468
512 100.000000 0.000000 75.000000
391 90.098611 0.000000 14.644402
272 79.813413 0.000000 17.833705
286 92.898287 0.000000 23.758599
701 88.038960 0.000000 24.817820
718 92.917866 0.000000 18.686884
85 40.570828 0.000000 34.432944
2377 45.265609 0.000000 37.141094
59 34.360115 27.130466 0.000000
2250 25.473647 29.604244 0.000000
46 55.397088 0.000000 60.539826
2691 50.669551 0.000000 64.211520
2692 50.725956 0.000000 60.409192
261 45.387230 0.000000 69.213435
23 71.530937 0.000000 5.004032
622 81.818182 0.000000 0.000000
52 96.763853 32.501457 100.000000
434 100.000000 28.571429 100.000000
669 100.000000 42.857143 100.000000
429 63.862289 100.000000 31.613969
738 65.023354 100.000000 25.528997
295 22.044292 40.041206 100.000000
2026 14.374945 36.998550 100.000000
740 26.367342 27.741823 100.000000
266 100.000000 63.488475 75.614760
722 100.000000 66.747098 80.151659
2384 100.000000 49.000201 80.688263
103 16.914814 10.771983 0.000000
253 32.606523 67.303011 0.000000
440 40.793692 73.601375 0.000000
1512 95.201398 90.178130 0.000000
2173 93.184251 95.137805 0.000000
2654 100.000000 8.511963 82.941976
10 89.799905 100.000000 63.111540
1652 94.375270 100.000000 58.377806
396 87.701173 100.000000 57.066349
169 89.573387 61.029992 100.000000
393 77.490988 57.629210 100.000000
409 86.465041 47.071105 100.000000
271 77.996077 100.000000 73.547572
7 77.854069 100.000000 77.588317
2542 79.576411 94.510891 0.000000
1816 80.000000 100.000000 0.000000
2543 85.405792 96.438408 0.000000
0 0.000000 0.000000 66.666667
432 0.000000 0.000000 55.555556
720 6.977536 0.000000 57.289110
732 33.316208 0.000000 46.958880
2236 34.660069 0.000000 40.418019
268 77.649620 0.000000 42.274424
721 75.712734 0.000000 36.554342
1584 81.764883 0.000000 35.330937
2203 32.675960 75.813503 0.000000
35 100.000000 89.164946 19.141760
711 100.000000 81.519306 16.135917
98 88.431570 0.000000 30.230295
387 100.000000 38.982998 69.292005
60 60.482993 100.000000 70.586953
612 63.246078 100.000000 75.884306
2111 62.583281 68.050711 100.000000
307 56.002008 74.077420 100.000000
340 75.237324 78.021578 0.000000
365 100.000000 26.939512 10.292202
550 100.000000 32.481044 11.798033
2415 100.000000 24.784214 14.631796
713 0.000000 0.000000 11.111111
2505 2.758581 0.000000 11.780006
45 0.000000 60.926702 7.878532
178 26.697711 0.000000 43.015459
1836 21.399437 0.000000 47.664013
148 63.709946 50.602209 100.000000
293 65.947384 59.537630 100.000000
726 60.260407 58.023529 100.000000
298 52.473470 10.635775 100.000000
1756 42.999254 20.578068 100.000000
2398 44.064426 10.932911 100.000000
369 69.850887 100.000000 80.524824
1493 71.772820 100.000000 75.122900
230 0.000000 58.402717 83.384375
1954 0.000000 50.165943 92.922172
352 100.000000 100.000000 100.000000
2559 100.000000 87.647314 98.465964
672 20.586223 81.718809 100.000000
2556 100.000000 93.690516 94.827032
31 0.000000 32.570972 58.134483
373 100.000000 71.428571 100.000000
1704 100.000000 85.714286 100.000000
2628 96.717850 84.100180 100.000000
716 48.796762 72.841139 100.000000
57 100.000000 41.358286 10.706456
443 100.000000 37.392601 5.974934
527 100.000000 48.859764 5.666575
232 41.524990 30.352833 100.000000
519 41.620280 38.031156 100.000000
238 0.000000 100.000000 38.461538
408 15.746421 100.000000 35.019800
67 24.630166 93.182077 0.000000
483 21.104800 86.399878 0.000000
616 14.688895 93.327791 0.000000
36 70.020782 66.791201 100.000000
1745 65.452947 74.844146 100.000000
2587 0.000000 17.786722 72.426329
2586 0.000000 21.689583 74.155479
198 100.000000 45.454545 0.000000
592 93.544846 45.054695 0.000000
357 100.000000 54.545455 0.000000
325 0.000000 50.616743 48.724833
1 76.319258 28.594730 100.000000
628 82.540074 32.765001 100.000000
390 73.488662 41.131090 100.000000
514 0.000000 0.000000 100.000000
692 0.000000 16.666667 0.000000
75 69.850300 0.000000 17.902720
185 100.000000 59.501406 64.764246
2648 7.958680 96.358116 0.000000
195 0.000000 16.658637 8.121434
723 0.000000 11.112645 12.451872
489 0.000000 18.624821 18.480056
728 0.000000 22.836543 11.868377
2367 0.000000 22.377810 5.928297
166 0.000000 50.623801 14.787867
625 0.000000 47.213191 20.631668
292 0.000000 54.372531 21.943490
8 75.042999 100.000000 12.202363
290 85.894183 100.000000 12.822346
43 40.423484 100.000000 7.970014
341 27.993853 100.000000 10.645698
585 36.925940 100.000000 13.794261
637 0.000000 91.376443 39.358422
677 68.556765 8.795846 100.000000
165 59.302958 53.858441 0.000000
358 33.449990 92.217004 0.000000
643 36.115688 83.062982 0.000000
2065 28.537311 87.147791 0.000000
618 33.244782 30.461751 100.000000
313 90.909091 0.000000 0.000000
193 76.148040 0.000000 57.434388
285 63.312436 0.000000 25.580769
705 61.391540 0.000000 31.935430
650 56.902263 0.000000 30.276082
161 11.982798 85.249793 0.000000
500 7.145823 92.104674 0.000000
608 41.416777 89.909174 0.000000
257 100.000000 71.802361 3.949599
1808 100.000000 66.178693 2.619482
61 0.000000 8.333333 100.000000
2588 0.000000 14.252161 89.691500
381 0.000000 21.275894 83.782573
2184 56.730393 75.460552 0.000000
20 0.000000 42.514157 24.786992
655 0.000000 47.927798 25.590992
317 45.454545 0.000000 100.000000
436 43.730306 0.000000 88.474078
614 54.517772 0.000000 87.440748
465 62.826153 0.000000 5.085260
2192 67.680182 0.000000 2.522323
244 35.592395 0.000000 26.586943
525 31.080800 0.000000 35.038526
294 25.541670 0.000000 29.305557
29 30.601210 43.373546 100.000000
153 100.000000 89.040516 34.492102
297 100.000000 100.000000 40.000000
476 100.000000 86.264122 42.612938
139 68.322730 0.000000 29.589857
529 71.553457 0.000000 23.327734
273 0.000000 5.794311 77.484504
687 0.000000 6.533142 66.927070
663 0.000000 0.000000 77.777778
496 39.628279 100.000000 30.285238
342 37.302276 0.000000 14.483754
2095 29.807966 0.000000 15.860122
284 32.845839 100.000000 27.498162
40 100.000000 0.000000 87.500000
1817 72.623477 21.879804 100.000000
593 100.000000 96.149154 12.706718
203 100.000000 100.000000 20.000000
2506 8.292553 0.000000 4.404045
347 9.090909 0.000000 0.000000
4 16.080648 0.000000 83.805261
563 11.280445 0.000000 80.644680
428 64.153965 0.000000 42.995557
633 57.949609 0.000000 44.450763
115 100.000000 46.215742 39.911609
2243 26.790183 100.000000 17.300680
278 58.793340 0.000000 49.204201
737 26.477984 74.223132 0.000000
113 75.335180 100.000000 25.539157
32 91.350658 35.332293 0.000000
418 100.000000 36.363636 0.000000
678 100.000000 27.272727 0.000000
246 100.000000 82.083222 8.719444
685 100.000000 73.171137 15.444906
344 82.381860 0.000000 58.293013
11 100.000000 54.877950 85.930052
664 100.000000 71.169761 84.703980
642 100.000000 60.248047 89.990398
425 7.053856 49.497901 0.000000
112 100.000000 33.715141 77.691642
2657 100.000000 28.917568 73.772754
2652 100.000000 24.904507 70.938182
2632 47.162536 100.000000 43.609398
2130 59.966960 100.000000 40.369684
304 47.536933 0.000000 5.239583
560 54.545455 0.000000 0.000000
707 56.671120 0.000000 3.812282
228 50.516285 70.577532 0.000000
2643 51.943790 64.376534 0.000000
1723 86.082005 0.000000 78.355263
249 59.158332 10.721877 0.000000
696 67.454909 17.574801 0.000000
2589 0.000000 10.155695 90.253372
215 53.726295 0.000000 78.710639
699 45.196224 0.000000 77.514520
2619 14.305118 4.877498 100.000000
2610 6.155162 16.293981 100.000000
24 12.007282 40.829348 0.000000
531 5.333491 41.260428 0.000000
56 0.000000 52.127298 40.622923
259 0.000000 57.606631 42.638912
2225 100.000000 81.818182 0.000000
567 9.090909 0.000000 100.000000
2625 7.895390 3.814394 100.000000
2623 5.253474 3.440179 100.000000
700 100.000000 48.888637 10.641347
2685 100.000000 52.568621 8.147733
168 84.382689 5.504551 0.000000
2644 91.971747 3.660828 0.000000
138 32.768444 100.000000 81.589597
619 27.835462 100.000000 75.654420
120 100.000000 26.422114 5.309746
337 100.000000 93.230882 26.818241
311 100.000000 61.532332 19.510296
607 100.000000 51.703621 19.124971
660 100.000000 57.611451 14.801119
308 8.060516 0.000000 47.235757
282 12.693492 0.000000 16.818713
2507 6.090800 0.000000 16.043492
462 7.702104 0.000000 9.523205
536 0.000000 83.123314 27.382792
594 73.646929 100.000000 19.026288
2031 85.881379 100.000000 18.906986
157 0.000000 76.627040 6.963943
2433 0.000000 80.098673 9.336696
513 0.000000 83.702671 5.436879
280 0.000000 87.532460 7.794721
2485 0.000000 71.439542 90.266789
2497 0.000000 66.714012 91.990539
583 18.700062 50.633367 100.000000
2360 100.000000 78.478682 74.557127
682 10.022162 66.597204 0.000000
2426 4.793794 71.173882 0.000000
102 77.228562 100.000000 51.366424
1579 75.781228 100.000000 58.351032
2033 82.704950 100.000000 54.059041
499 37.042360 0.000000 3.361891
480 35.531934 0.000000 61.123022
676 100.000000 52.557802 72.961095
2612 9.822660 33.037805 100.000000
367 0.000000 85.507250 16.650777
673 0.000000 76.228651 20.786465
13 55.318569 0.000000 35.285519
207 49.140309 0.000000 38.846825
360 49.716497 0.000000 32.640322
370 15.035893 71.720278 100.000000
2056 21.165226 71.158589 100.000000
2218 100.000000 100.000000 26.666667
617 100.000000 100.000000 33.333333
591 100.000000 0.000000 31.250000
135 88.272646 0.000000 82.673089
464 75.828895 0.000000 85.642821
679 32.982224 13.700592 100.000000
199 0.000000 100.000000 61.538462
451 13.265839 100.000000 54.657435
33 0.000000 10.469123 25.272052
506 57.142857 100.000000 100.000000
727 73.683906 100.000000 97.211687
384 55.891013 56.951121 100.000000
106 27.779994 0.000000 21.859770
630 34.768413 0.000000 19.616828
741 100.000000 100.000000 13.333333
2534 93.403847 100.000000 18.787352
335 100.000000 40.523747 87.282472
1437 0.000000 42.184662 65.397836
2312 0.000000 47.593873 62.645971
652 90.108838 100.000000 49.452357
2441 100.000000 100.000000 46.666667
540 53.459624 43.958401 100.000000
2427 44.152276 49.566365 100.000000
509 83.127178 100.000000 43.674688
69 83.003118 0.000000 66.429725
1465 72.798235 0.000000 70.369640
158 90.000000 100.000000 0.000000
645 79.781654 100.000000 5.111607
610 7.659022 100.000000 7.301412
30 100.000000 47.207407 26.645125
277 100.000000 42.052443 19.847933
27 83.428343 0.000000 45.888650
620 85.838319 0.000000 38.057697
252 89.570165 0.000000 40.820784
611 73.916286 100.000000 71.046710
2464 87.141796 0.000000 91.955803
2468 89.968821 0.000000 93.334045
2508 83.064244 0.000000 96.098664
179 36.363636 0.000000 100.000000
413 64.619329 0.000000 57.156906
2604 59.632274 0.000000 61.558794
521 0.000000 63.451540 36.833587
301 0.000000 4.140869 56.130809
1674 81.138021 100.000000 62.779332
6 64.497370 0.000000 86.690063
545 63.906353 0.000000 77.283565
275 76.553058 0.000000 76.653935
53 0.000000 89.948709 21.736016
554 0.000000 94.811147 26.956197
414 0.000000 100.000000 15.384615
19 100.000000 17.903327 16.715370
665 100.000000 11.788169 21.973742
201 63.636364 0.000000 100.000000
539 54.545455 0.000000 100.000000
200 100.000000 0.000000 62.500000
2172 93.622618 0.000000 46.465304
596 66.561688 39.744369 100.000000
89 100.000000 68.099735 10.405342
694 100.000000 78.942518 4.614877
667 0.000000 57.612444 37.220086
546 100.000000 43.823585 14.362327
1826 100.000000 36.704085 15.795518
624 92.000640 100.000000 81.856124
2371 90.842284 100.000000 77.888945
221 71.374994 100.000000 88.925336
526 72.091738 100.000000 92.699553
110 100.000000 26.070539 91.844345
2473 100.000000 12.972963 95.840706
2659 100.000000 12.863733 92.601414
2708 77.358059 0.000000 47.546306
2709 78.650179 0.000000 49.636623
90 60.000000 100.000000 0.000000
302 51.892967 100.000000 4.727280
2158 0.000000 82.588518 3.089037
241 34.376920 10.363550 0.000000
517 26.837239 6.491759 0.000000
615 27.913517 17.815018 0.000000
1524 79.993920 72.517220 0.000000
2486 0.000000 44.670190 93.690676
211 67.773526 100.000000 72.145672
109 0.000000 13.475770 61.564134
734 0.000000 12.494249 72.516527
14 0.000000 51.200576 73.186469
283 0.000000 52.496858 64.324274
324 0.000000 44.959428 70.097224
490 33.254007 0.000000 91.746557
189 46.835881 80.123463 100.000000
58 49.654058 54.156618 100.000000
222 40.211597 64.300888 100.000000
234 100.000000 83.467518 79.415770
2560 100.000000 84.409565 83.748521
2566 100.000000 89.032826 88.774174
2561 100.000000 90.142156 85.635369
547 0.000000 73.667518 12.314401
130 100.000000 0.000000 100.000000
334 84.251908 13.385788 100.000000
431 90.909091 0.000000 100.000000
265 67.239527 26.633205 0.000000
422 59.853475 21.819204 0.000000
1658 60.903967 29.457342 0.000000
210 60.761764 39.470548 100.000000
537 58.514928 46.671240 100.000000
73 74.431725 14.930265 0.000000
410 28.035778 71.688251 100.000000
171 10.510136 61.921053 100.000000
224 100.000000 11.130741 37.988489
2146 100.000000 15.162452 42.612409
2562 100.000000 6.470095 43.386789
2563 100.000000 4.702529 40.076613
698 0.000000 89.435175 73.341261
549 72.072998 50.663395 100.000000
640 94.069978 46.101704 100.000000
2355 91.617586 36.007672 100.000000
329 53.448223 100.000000 60.883070
584 44.405877 100.000000 65.241182
2279 52.921172 100.000000 67.481670
192 0.000000 70.225871 46.396358
515 0.000000 66.238436 52.910635
1596 65.030708 100.000000 85.963656
538 100.000000 70.658592 69.715656
534 100.000000 60.311885 27.697077
558 81.997765 100.000000 72.278840
239 94.263212 100.000000 68.165769
2404 75.574698 100.000000 85.627845
136 67.217703 0.000000 48.973447
467 73.613320 0.000000 47.323180
656 73.448831 0.000000 52.608654
2438 20.000000 100.000000 0.000000
306 0.000000 31.440160 29.431561
484 0.000000 32.886847 37.158109
681 0.000000 37.974273 31.013996
586 0.000000 100.000000 53.846154
661 100.000000 6.784362 9.335695
2564 100.000000 2.889991 7.493959
2474 100.000000 4.097141 4.724404
2699 100.000000 6.216512 13.793429
2700 100.000000 4.829101 12.001317
2590 0.000000 25.087546 76.358044
368 100.000000 0.000000 93.750000
2663 100.000000 6.459174 95.548030
1931 54.975089 27.416486 0.000000
21 100.000000 63.636364 0.000000
401 100.000000 72.727273 0.000000
609 48.148981 100.000000 10.739746
1951 59.198956 100.000000 7.621696
603 79.293270 100.000000 81.896609
247 68.632402 82.649334 100.000000
561 9.426486 32.600691 0.000000
402 9.326997 14.242123 0.000000
218 0.000000 69.271781 24.148149
544 100.000000 100.000000 73.333333
2509 64.940085 0.000000 93.023348
2510 71.188756 0.000000 92.507318
18 0.000000 91.666667 0.000000
2649 2.565065 90.799503 0.000000
124 15.894699 0.000000 53.084050
427 10.932468 0.000000 63.903519
2536 9.531029 100.000000 79.211709
359 17.259519 100.000000 82.502182
319 100.000000 51.120557 32.756720
712 100.000000 41.989654 34.572249
522 81.011944 65.502765 0.000000
437 25.492811 0.000000 51.923562
76 88.811527 100.000000 34.502680
411 88.378632 100.000000 25.320193
1753 23.576738 100.000000 86.167715
2645 47.177892 56.473048 0.000000
338 49.571006 49.801605 0.000000
542 100.000000 23.298966 34.352268
704 80.365484 0.000000 52.502881
170 27.385910 80.877015 0.000000
2011 42.694429 48.843640 0.000000
150 28.648255 94.132062 100.000000
613 0.000000 66.588682 30.085655
2364 23.422123 0.000000 36.472232
227 71.428571 100.000000 100.000000
715 64.180415 91.430146 100.000000
97 27.916910 61.255854 100.000000
1981 33.734732 63.782178 100.000000
281 100.000000 58.540294 42.608069
2629 56.942486 52.095297 100.000000
39 43.359434 0.000000 19.293550
380 46.311134 0.000000 11.997717
333 100.000000 17.388593 84.772028
651 36.363636 0.000000 0.000000
2345 100.000000 19.848964 88.838225
2660 100.000000 11.830756 89.787176
2661 100.000000 9.052490 88.974212
121 79.728011 44.416836 100.000000
1919 86.310300 37.241217 100.000000
504 43.315935 100.000000 3.435065
243 22.344135 39.556349 0.000000
2207 16.916255 40.400553 0.000000
371 16.491520 48.506410 0.000000
94 35.931606 20.683029 100.000000
163 63.636364 0.000000 0.000000
697 100.000000 84.412831 51.024241
279 74.956383 100.000000 39.685371
154 56.056519 100.000000 13.084028
535 67.206735 100.000000 9.581485
2052 0.000000 92.788283 8.965157
9 100.000000 70.563128 46.582106
2517 72.270091 0.000000 94.273689
2511 74.986897 0.000000 94.990705
2465 83.874509 0.000000 90.895776
2521 78.144801 0.000000 95.178034
403 54.687641 0.000000 41.202135
691 75.218495 100.000000 32.838509
202 100.000000 77.268389 88.987484
131 28.141131 100.000000 34.624721
1781 22.779680 100.000000 30.237447
37 84.754905 0.000000 21.875392
2060 0.000000 59.841145 19.590160
2122 0.000000 64.085196 18.731257
430 100.000000 18.181818 0.000000
1516 59.631538 0.000000 55.004797
152 0.000000 50.000000 0.000000
491 0.000000 41.666667 0.000000
350 0.000000 50.490507 7.176663
134 0.000000 95.413953 33.829403
2344 0.000000 90.882176 33.601626
638 10.414997 0.000000 24.408831
326 90.460964 61.729540 0.000000
605 0.000000 94.163707 12.972737
2347 100.000000 72.937728 93.609623
468 100.000000 64.668496 92.757229
186 100.000000 29.379789 16.841596
122 54.810698 0.000000 8.736567
710 5.203553 0.000000 39.053426
2267 92.894384 0.000000 65.649886
229 73.482099 100.000000 63.993909
2265 64.222370 100.000000 63.572037
2693 44.143859 0.000000 54.719966
144 54.772274 0.000000 25.938367
568 52.262335 0.000000 20.476414
486 60.394488 0.000000 20.095193
114 0.000000 0.000000 44.444444
208 0.000000 8.485278 46.842049
524 0.000000 58.232689 65.613895
233 37.069336 48.255733 100.000000
2389 72.046312 90.249107 0.000000
288 0.000000 5.875853 15.036298
2487 0.000000 6.714105 7.801392
475 0.000000 8.333333 0.000000
2514 88.456629 0.000000 86.193721
2522 90.867644 0.000000 86.553010
2402 79.268346 0.000000 89.596731
648 94.734665 67.363838 0.000000
2630 94.133098 78.565796 100.000000
378 100.000000 90.954153 9.804161
328 72.727273 0.000000 100.000000
736 0.000000 59.600491 58.465467
145 88.477697 71.362176 0.000000
64 37.599663 0.000000 83.906085
44 45.454545 0.000000 0.000000
1846 50.756248 20.402111 100.000000
2326 58.839077 11.901560 100.000000
264 100.000000 35.264193 32.681312
2546 10.486889 7.788647 0.000000
2544 6.614835 6.140484 0.000000
494 52.179217 58.776891 0.000000
2614 3.817894 30.186682 100.000000
2617 5.569415 24.977893 100.000000
1759 67.657756 100.000000 47.041293
2694 46.794063 0.000000 56.205110
471 51.941711 0.000000 55.589319
2697 49.142481 0.000000 59.250234
2695 47.423306 0.000000 58.547361
339 27.183745 57.635715 0.000000
1776 21.759011 53.170273 0.000000
532 17.377515 58.745803 0.000000
133 100.000000 0.000000 12.500000
2701 100.000000 1.520330 9.256105
2565 100.000000 3.191331 10.780460
2678 100.000000 96.775827 7.294386
495 100.000000 33.684570 26.970440
2545 89.884983 96.181184 0.000000
1937 0.000000 36.463150 51.524193
93 100.000000 23.155050 27.079236
472 38.774644 57.883720 100.000000
2555 100.000000 7.891758 4.574862
1924 38.407883 18.253222 0.000000
2605 59.820057 0.000000 58.565081
184 27.272727 0.000000 0.000000
444 46.045627 0.000000 26.561423
2633 55.613482 100.000000 35.204292
2686 100.000000 54.750978 3.723725
2515 59.943668 0.000000 93.299888
2512 55.791762 0.000000 93.486140
177 100.000000 50.114472 14.820384
2400 100.000000 56.607095 10.144604
1962 0.000000 37.690366 9.920783
209 84.144630 100.000000 70.155549
658 100.000000 31.129363 21.216765
683 90.352344 25.085484 0.000000
388 6.292555 0.000000 74.760487
2079 52.011524 0.000000 12.130166
2516 7.299822 0.000000 19.873314
2530 15.772790 95.824010 100.000000
362 14.285714 100.000000 100.000000
530 0.000000 40.200131 81.447983
2488 0.000000 31.769226 85.827295
2489 0.000000 32.469057 90.261960
1615 74.999235 22.614859 0.000000
83 0.000000 78.963675 14.173537
482 0.000000 70.747500 18.158162
1956 63.991422 100.000000 55.620134
2639 55.903492 100.000000 51.791467
2640 53.698326 100.000000 56.335613
146 77.466193 10.579534 100.000000
2467 95.304536 0.000000 96.548130
2527 98.105060 0.000000 95.135591
2616 7.317519 20.789365 100.000000
695 0.000000 56.894671 3.564777
2568 100.000000 7.471841 31.816453
2569 100.000000 7.813955 35.466048
327 21.367261 56.792831 100.000000
2689 29.238679 52.419491 100.000000
2696 94.895556 27.185079 100.000000
2599 13.335975 0.000000 96.226794
2600 7.976974 0.000000 97.745971
2601 18.183638 0.000000 94.746241
541 29.539019 100.000000 89.254475
287 0.000000 40.627670 16.049002
314 100.000000 14.285714 100.000000
2316 94.848554 14.872961 100.000000
477 89.859268 0.000000 45.114529
2570 100.000000 5.911806 37.757788
125 41.450168 100.000000 57.047783
182 0.000000 0.000000 88.888889
240 91.200786 25.945472 100.000000
479 88.193430 19.260659 100.000000
2680 17.769256 64.617055 100.000000
2490 0.000000 91.095069 94.801991
2483 0.000000 85.793349 96.262242
231 14.739970 100.000000 91.324605
1749 20.522550 100.000000 94.498765
80 69.407058 0.000000 37.676459
647 71.088911 0.000000 42.281216
65 100.000000 9.090909 0.000000
263 100.000000 14.216425 6.489393
2484 0.000000 83.563859 92.729921
105 25.983265 47.793163 0.000000
2425 0.000000 84.602358 22.509433
2557 100.000000 94.288820 91.481677
670 0.000000 55.540183 11.191286
159 24.115256 0.000000 92.646709
1739 30.442451 0.000000 85.452469
2083 68.095298 100.000000 16.921766
523 18.181818 0.000000 0.000000
447 0.000000 44.481254 31.110839
2466 92.523401 0.000000 94.820168
2523 94.735439 0.000000 91.803473
1989 0.000000 36.860757 24.325456
2641 58.430297 100.000000 46.781285
2038 28.571429 100.000000 100.000000
474 100.000000 21.800240 20.765868
435 93.002405 100.000000 74.152646
162 15.542418 0.000000 70.681391
533 20.887599 0.000000 60.939406
1834 0.000000 31.747523 20.345729
416 19.096798 0.000000 23.507239
2179 88.135651 0.000000 51.155957
299 0.000000 64.408111 43.910007
336 28.282432 0.000000 61.867223
123 0.000000 25.794240 17.160420
580 80.173881 100.000000 90.100894
1839 27.207521 100.000000 53.133094
2547 75.221567 92.777395 0.000000
2374 26.983374 0.000000 57.306663
576 0.000000 100.000000 92.307692
2537 8.759907 100.000000 88.647832
2535 5.925076 100.000000 84.034646
2432 24.370651 0.000000 86.470236
2280 22.254239 0.000000 82.538117
2658 100.000000 20.503730 96.872218
2642 86.096187 100.000000 98.057583
2650 5.679503 86.892842 0.000000
1899 100.000000 20.201372 11.377707
196 0.000000 100.000000 23.076923
2538 89.255674 100.000000 2.967161
688 31.598938 100.000000 67.788758
562 0.000000 100.000000 76.923077
460 69.449450 100.000000 68.087489
147 0.000000 66.148200 60.607555
439 0.000000 16.498903 50.281282
2493 0.000000 2.712197 11.628260
38 100.000000 17.605294 48.225920
2513 96.555600 0.000000 93.026741
450 87.877366 100.000000 68.418015
641 100.000000 0.000000 18.750000
595 100.000000 14.555387 32.267510
1626 0.000000 9.826792 56.349069
2491 0.000000 80.382793 92.372569
204 0.000000 86.541992 84.973254
2609 20.366866 7.922620 100.000000
548 0.000000 90.101163 90.041540
2476 0.000000 94.702232 91.929968
2494 0.000000 95.836152 85.895749
2495 0.000000 93.175488 83.697653
417 0.000000 61.717319 71.485710
2579 100.000000 7.824848 45.893223
1460 0.000000 65.491273 48.654207
92 51.865513 0.000000 48.211323
654 47.702117 0.000000 52.931827
2613 6.189843 43.711404 100.000000
599 0.000000 41.666667 100.000000
2618 7.596862 38.853607 100.000000
631 0.000000 42.269228 8.389968
2662 100.000000 29.181136 95.370025
2574 100.000000 3.823583 20.468219
2578 100.000000 6.277886 25.620209
2575 100.000000 4.170171 24.297336
2704 100.000000 7.431156 23.067375
2655 100.000000 6.990609 87.587643
2496 0.000000 93.398135 80.654646
646 0.000000 68.726355 75.278173
2492 0.000000 93.875060 77.024601
2548 93.267308 97.829747 0.000000
2634 9.267011 100.000000 19.419978
2323 17.220372 100.000000 16.486121
156 0.000000 100.000000 84.615385
2502 0.000000 97.613724 90.226378
2501 0.000000 98.990348 92.261520
190 0.000000 60.471763 32.057948
2673 100.000000 20.790815 65.210511
2671 100.000000 23.274205 62.733969
573 4.169379 8.671647 0.000000
2576 100.000000 4.508249 16.748905
2551 100.000000 3.124199 14.095685
2687 0.000000 46.002801 11.600875
87 100.000000 86.510410 69.111581
2299 100.000000 100.000000 66.666667
2615 6.195700 32.206670 100.000000
2469 0.000000 3.589466 7.654753
2472 6.194313 7.561297 100.000000
2611 11.042864 4.256099 100.000000
2621 1.178791 8.158292 100.000000
355 50.192982 100.000000 47.922696
1885 96.223876 40.551292 0.000000
2295 0.000000 25.035109 25.456259
2707 72.392388 0.000000 45.213067
2607 94.634297 0.000000 14.461972
2606 95.520713 0.000000 12.016602
2602 95.192383 0.000000 8.627987
191 0.000000 0.000000 0.000000
2549 1.814889 7.996122 0.000000
2684 40.799885 100.000000 43.187711
2591 0.000000 6.348943 94.108428
2690 36.978291 54.240418 100.000000
1915 0.000000 68.870776 84.446310
2681 14.834574 63.329450 100.000000
739 7.875014 100.000000 14.682143
217 0.000000 14.937293 81.286589
578 0.000000 78.520935 83.109993
2573 100.000000 7.741640 51.136911
2540 12.387059 100.000000 96.455843
2646 96.770712 12.439093 0.000000
2647 97.341480 7.667190 0.000000
256 100.000000 14.461770 26.902567
2651 6.703829 82.976906 0.000000
1965 81.818182 0.000000 100.000000
2592 0.000000 3.037419 84.020804
553 0.000000 6.906744 86.180342
2593 0.000000 2.486041 89.772509
2577 100.000000 9.666847 47.573693
1771 100.000000 30.808818 8.343729
2348 100.000000 31.091198 85.186163
557 38.244437 100.000000 47.936558
2533 91.751660 100.000000 14.477319
2541 92.759221 100.000000 16.376248
2539 5.874969 100.000000 93.070032
2087 48.218740 0.000000 44.167597
2635 2.430006 100.000000 8.362185
2581 100.000000 5.269952 2.324816
2572 100.000000 7.999933 27.512594
2208 0.000000 27.056639 85.271758
2596 0.000000 29.067484 91.776109
2594 0.000000 27.031651 91.015182
2636 4.491010 100.000000 11.432589
2528 94.629375 0.000000 90.336413
2518 93.813238 0.000000 88.708134
2519 91.139437 0.000000 87.872545
2520 80.990524 0.000000 94.825655
2526 94.171356 0.000000 98.570883
2524 90.471796 0.000000 97.735400
2525 88.104213 0.000000 96.473219
2698 98.665165 0.000000 92.353083
2529 85.738865 0.000000 96.476482
2498 0.000000 4.659226 3.864036
2499 0.000000 1.575416 7.598531
2620 5.303050 12.285032 100.000000
2471 3.086756 5.825205 100.000000
2622 2.807200 9.966255 100.000000
2624 3.576141 11.619813 100.000000
2664 100.000000 11.940602 98.178231
2580 100.000000 1.746783 4.617091
385 100.000000 0.000000 6.250000
2503 0.000000 93.211934 95.776206
2504 0.000000 97.038027 88.166870
2595 0.000000 34.921889 80.374833
2705 100.000000 7.110520 15.751233
2668 100.000000 6.546979 62.983315
2669 100.000000 9.372642 64.590355
2567 100.000000 92.215046 89.900774
2674 100.000000 8.451139 68.140275
2675 100.000000 21.196263 66.602537
2706 97.678274 0.000000 9.848647
